Position x layer map -- factorial_v3_pop_given_unknown; 60 pairs; layers 0-31

[control_to_uncertain] mean log-odds recovery by group (rows) x layer (cols):
  entity    +0.92 +0.94 +0.89 +0.89 +0.79 +0.79 +0.69 +0.49 +0.54 +0.43 +0.38 +0.32 +0.22 +0.19 +0.18 +0.17 +0.17 +0.16 +0.12 +0.06 -0.01 -0.03 +0.04 +0.02 +0.01 +0.01 +0.01 +0.00 -0.02 +0.02 +0.00 +0.00
  suffix-11 -0.03 -0.05 +0.04 +0.08 +0.15 +0.08 +0.01 +0.12 +0.20 +0.08 +0.10 +0.31 +0.21 +0.18 +0.04 +0.01 +0.00 -0.04 -0.02 +0.02 +0.01 +0.01 -0.00 -0.02 +0.01 +0.01 +0.02 +0.03 +0.01 +0.01 -0.00 +0.00
  suffix-10 -0.04 -0.07 -0.13 -0.20 -0.17 -0.16 -0.13 -0.20 -0.01 +0.25 +0.20 +0.25 +0.17 +0.07 +0.03 +0.03 +0.03 -0.01 -0.01 -0.01 -0.03 -0.03 -0.01 -0.04 -0.01 -0.01 -0.01 +0.02 -0.00 -0.00 -0.00 +0.00
  suffix-9  -0.01 +0.00 -0.10 -0.19 -0.00 +0.02 +0.05 +0.07 +0.03 +0.15 +0.08 +0.06 +0.05 +0.11 +0.24 +0.18 +0.14 +0.02 -0.01 -0.02 -0.02 -0.04 -0.06 -0.04 -0.04 -0.06 -0.06 -0.05 -0.04 -0.04 -0.01 +0.00
  suffix-8  +0.07 +0.06 +0.07 +0.10 +0.15 +0.14 +0.18 +0.39 +0.53 +0.46 +0.47 +0.43 +0.37 +0.27 +0.14 +0.03 +0.01 -0.00 -0.01 +0.00 -0.00 -0.01 +0.01 +0.00 +0.00 -0.01 -0.01 -0.01 +0.01 +0.01 +0.01 +0.00
  suffix-7  +0.02 +0.06 +0.02 +0.02 +0.06 +0.04 +0.05 +0.01 +0.07 +0.03 +0.08 +0.06 +0.08 -0.02 -0.03 -0.01 -0.01 -0.03 +0.03 +0.00 +0.01 -0.00 -0.02 +0.01 +0.01 +0.02 +0.00 +0.01 +0.01 +0.00 +0.01 +0.00
  suffix-6  +0.00 +0.03 +0.02 +0.03 -0.00 -0.02 -0.02 +0.00 +0.08 +0.05 +0.06 +0.08 +0.10 +0.11 +0.06 -0.00 -0.02 +0.00 +0.01 +0.02 +0.02 +0.01 +0.03 +0.02 +0.03 +0.02 +0.01 +0.01 +0.02 +0.02 -0.00 +0.00
  suffix-5  -0.00 +0.01 -0.00 +0.00 +0.01 -0.01 -0.01 -0.01 -0.00 +0.04 +0.02 +0.03 +0.02 +0.04 +0.03 +0.04 +0.03 -0.01 +0.00 +0.00 +0.02 +0.01 -0.01 +0.01 +0.01 +0.01 +0.01 +0.01 +0.01 +0.01 -0.00 +0.00
  suffix-4  +0.03 +0.03 +0.02 +0.01 +0.01 +0.01 -0.00 +0.01 -0.00 +0.02 -0.01 -0.01 -0.00 -0.00 +0.03 +0.02 -0.01 -0.00 +0.01 +0.02 +0.01 +0.01 +0.01 +0.01 +0.02 +0.01 +0.03 -0.00 +0.01 -0.02 +0.01 +0.00
  suffix-3  +0.02 +0.02 +0.01 -0.01 +0.04 +0.01 +0.01 -0.03 +0.03 +0.03 +0.03 +0.07 +0.07 +0.13 +0.14 +0.14 +0.03 -0.04 -0.02 -0.01 -0.04 -0.03 -0.02 -0.00 -0.01 -0.00 +0.00 +0.01 -0.00 +0.03 +0.03 +0.00
  suffix-2  +0.02 -0.01 +0.04 +0.02 -0.00 -0.01 +0.02 +0.04 +0.03 +0.01 +0.01 +0.04 +0.02 +0.07 +0.04 +0.06 +0.06 +0.03 +0.04 +0.06 +0.05 +0.02 +0.03 +0.03 +0.03 +0.00 -0.00 +0.01 +0.02 -0.02 -0.01 +0.00
  suffix-1  +0.03 +0.04 +0.00 +0.01 -0.01 +0.00 +0.01 -0.01 -0.01 +0.02 +0.01 +0.09 +0.09 +0.17 +0.24 +0.28 +0.30 +0.31 +0.30 +0.26 +0.24 +0.17 +0.19 +0.13 +0.16 +0.16 +0.11 +0.12 +0.12 +0.08 +0.08 +0.00
  last      +0.01 +0.01 +0.05 +0.03 +0.02 +0.03 +0.04 +0.02 +0.02 +0.07 +0.03 +0.00 +0.02 +0.12 +0.23 +0.35 +0.54 +0.64 +0.59 +0.60 +0.69 +0.71 +0.70 +0.72 +0.73 +0.73 +0.74 +0.73 +0.78 +0.88 +0.91 +1.00
  prefix    +0.00 +0.00 +0.00 +0.00 +0.00 +0.00 +0.00 +0.00 +0.00 +0.00 +0.00 +0.00 +0.00 +0.00 +0.00 +0.00 +0.00 +0.00 +0.00 +0.00 +0.00 +0.00 +0.00 +0.00 +0.00 +0.00 +0.00 +0.00 +0.00 +0.00 +0.00 +0.00
  first layer with >=0.5 recovery: entity span 0, last token 16; entity peak 0.94 at L1

[uncertain_to_control] mean log-odds recovery by group (rows) x layer (cols):
  entity    +0.91 +0.89 +0.87 +0.91 +0.84 +0.81 +0.70 +0.51 +0.26 +0.15 +0.12 +0.11 +0.13 +0.07 +0.11 +0.12 +0.10 +0.09 +0.12 +0.06 +0.04 -0.00 -0.00 -0.00 -0.01 -0.03 -0.03 -0.00 +0.01 -0.02 -0.02 +0.00
  suffix-11 +0.08 +0.18 +0.30 +0.33 +0.05 +0.02 -0.04 +0.10 +0.18 +0.08 +0.11 +0.13 +0.05 +0.04 +0.00 +0.02 -0.01 +0.00 +0.00 +0.01 -0.04 -0.03 -0.01 -0.04 -0.04 -0.00 -0.04 +0.00 -0.02 +0.00 -0.04 +0.00
  suffix-10 +0.00 +0.04 +0.13 +0.09 +0.32 +0.09 +0.23 +0.29 +0.26 +0.36 +0.25 +0.20 +0.09 +0.05 +0.11 +0.04 +0.03 -0.03 -0.06 -0.01 -0.03 -0.04 +0.00 -0.00 +0.00 -0.00 +0.00 -0.01 +0.00 -0.04 -0.04 +0.00
  suffix-9  +0.02 -0.01 -0.08 +0.00 +0.35 +0.39 +0.35 +0.40 +0.36 +0.39 +0.31 +0.23 +0.10 -0.00 -0.05 -0.02 +0.02 -0.00 +0.01 +0.01 +0.01 -0.01 -0.01 -0.02 -0.00 -0.00 -0.01 +0.01 +0.01 -0.00 -0.03 +0.00
  suffix-8  +0.02 -0.04 -0.01 +0.01 +0.05 +0.09 +0.13 +0.29 +0.36 +0.39 +0.35 +0.33 +0.20 +0.14 +0.08 +0.05 +0.05 -0.04 -0.02 +0.01 -0.02 +0.02 +0.02 +0.03 -0.01 -0.01 -0.01 +0.02 -0.01 -0.01 +0.02 +0.00
  suffix-7  -0.02 +0.01 +0.02 +0.03 +0.01 +0.01 +0.02 +0.01 +0.07 -0.01 +0.09 +0.09 +0.16 +0.09 +0.03 -0.00 +0.01 +0.02 +0.02 -0.00 +0.00 +0.03 -0.02 +0.03 -0.01 +0.03 -0.02 -0.01 -0.01 -0.00 +0.02 +0.00
  suffix-6  +0.02 -0.03 -0.03 -0.02 +0.05 +0.09 +0.12 +0.08 +0.14 +0.18 +0.14 +0.11 +0.12 +0.09 +0.01 +0.04 +0.06 +0.05 +0.04 +0.06 +0.09 +0.06 +0.06 +0.04 +0.03 +0.06 +0.11 +0.08 +0.09 +0.06 +0.01 +0.00
  suffix-5  +0.04 +0.02 +0.02 -0.02 -0.03 -0.01 -0.00 -0.00 -0.01 -0.03 -0.02 +0.00 +0.00 +0.04 +0.05 +0.05 +0.02 +0.03 +0.04 +0.01 +0.03 +0.03 -0.00 +0.05 +0.02 +0.01 +0.04 +0.02 -0.00 +0.00 +0.02 +0.00
  suffix-4  -0.02 -0.04 -0.00 +0.00 +0.03 -0.02 -0.02 -0.04 -0.03 -0.01 -0.03 -0.03 -0.03 -0.01 -0.00 -0.00 -0.01 -0.01 +0.00 -0.00 -0.01 -0.01 -0.02 -0.01 +0.01 -0.02 +0.00 -0.00 -0.02 -0.01 -0.02 +0.00
  suffix-3  -0.01 +0.03 -0.00 -0.02 +0.02 -0.02 -0.02 -0.03 -0.02 -0.03 +0.05 +0.07 +0.12 +0.18 +0.19 +0.19 +0.10 +0.03 +0.01 +0.02 +0.02 +0.01 +0.02 +0.02 +0.01 +0.04 +0.03 +0.04 +0.02 +0.02 +0.01 +0.00
  suffix-2  +0.01 -0.01 +0.03 +0.02 +0.00 -0.03 +0.00 -0.03 -0.04 -0.06 +0.00 -0.01 +0.00 +0.03 -0.01 +0.01 +0.06 +0.06 +0.06 +0.06 +0.05 +0.03 +0.03 +0.02 +0.03 -0.00 +0.01 -0.01 -0.01 +0.01 +0.03 +0.00
  suffix-1  -0.00 -0.01 -0.02 -0.03 +0.04 -0.00 -0.00 -0.06 -0.03 -0.03 -0.04 +0.02 +0.03 +0.11 +0.21 +0.26 +0.33 +0.34 +0.32 +0.26 +0.27 +0.23 +0.23 +0.21 +0.19 +0.18 +0.16 +0.17 +0.12 +0.07 +0.08 +0.00
  last      +0.01 -0.01 -0.02 -0.00 +0.02 +0.06 +0.01 +0.01 -0.02 +0.02 +0.00 -0.03 +0.01 +0.07 +0.16 +0.39 +0.46 +0.52 +0.58 +0.62 +0.69 +0.75 +0.73 +0.81 +0.80 +0.81 +0.83 +0.87 +0.90 +0.92 +0.90 +1.00
  prefix    +0.00 +0.00 +0.00 +0.00 +0.00 +0.00 +0.00 +0.00 +0.00 +0.00 +0.00 +0.00 +0.00 +0.00 +0.00 +0.00 +0.00 +0.00 +0.00 +0.00 +0.00 +0.00 +0.00 +0.00 +0.00 +0.00 +0.00 +0.00 +0.00 +0.00 +0.00 +0.00
  first layer with >=0.5 recovery: entity span 0, last token 17; entity peak 0.91 at L3

