Position x layer map -- familiarity_v2; 60 pairs; layers 0-31

[control_to_uncertain] mean log-odds recovery by group (rows) x layer (cols):
  entity    +0.37 +0.54 +0.61 +0.66 +0.63 +0.67 +0.53 +0.47 +0.26 +0.12 +0.08 +0.07 -0.03 -0.04 -0.04 -0.04 -0.08 -0.08 -0.08 -0.05 -0.02 -0.02 +0.02 +0.02 +0.01 +0.02 +0.01 +0.01 +0.01 +0.01 +0.00 +0.00
  suffix-11 +0.01 -0.01 -0.05 -0.06 -0.06 -0.02 +0.01 +0.05 +0.05 +0.07 +0.04 +0.04 +0.03 +0.03 -0.00 -0.01 -0.00 -0.01 -0.01 +0.00 -0.01 -0.01 -0.00 -0.01 +0.00 -0.00 -0.01 -0.00 -0.01 -0.00 -0.00 +0.00
  suffix-10 +0.00 +0.00 -0.01 -0.03 -0.05 -0.08 -0.05 -0.08 -0.07 -0.06 -0.02 +0.05 +0.03 -0.01 -0.00 -0.00 +0.00 -0.00 -0.00 -0.00 +0.00 -0.00 +0.00 +0.00 -0.00 +0.00 +0.00 -0.00 -0.00 -0.00 -0.00 +0.00
  suffix-9  +0.02 +0.01 +0.02 +0.02 +0.03 -0.01 +0.04 +0.02 +0.00 -0.02 -0.04 +0.01 +0.03 +0.03 +0.06 +0.02 +0.02 +0.00 +0.00 +0.00 +0.00 +0.00 -0.00 +0.00 -0.00 +0.00 -0.00 -0.00 -0.00 -0.00 -0.00 +0.00
  suffix-8  +0.04 +0.05 +0.07 +0.07 +0.05 +0.04 +0.05 +0.12 +0.24 +0.20 +0.18 +0.17 +0.08 +0.05 +0.01 -0.02 -0.04 -0.03 -0.03 -0.02 -0.02 -0.02 -0.01 -0.01 -0.02 -0.01 -0.01 -0.01 -0.00 -0.01 +0.01 +0.00
  suffix-7  +0.01 -0.00 +0.02 +0.04 +0.05 +0.05 +0.05 +0.03 +0.02 -0.01 -0.03 -0.01 +0.07 +0.03 +0.02 +0.00 +0.00 -0.01 +0.01 +0.00 +0.01 +0.01 +0.01 +0.01 +0.01 +0.01 +0.01 +0.01 -0.00 +0.01 +0.00 +0.00
  suffix-6  +0.01 +0.00 +0.01 +0.01 -0.03 +0.00 -0.04 -0.05 -0.07 -0.06 -0.06 -0.03 -0.00 -0.04 -0.02 -0.02 -0.02 +0.00 +0.01 +0.02 +0.02 +0.02 +0.02 +0.01 +0.01 +0.01 +0.01 +0.01 +0.02 +0.03 +0.01 +0.00
  suffix-5  +0.00 -0.00 -0.01 -0.01 -0.01 -0.02 -0.02 -0.01 -0.01 -0.00 -0.00 +0.00 +0.01 +0.03 +0.01 +0.00 +0.01 +0.00 +0.01 +0.01 +0.01 +0.01 +0.01 +0.01 +0.01 +0.00 +0.01 +0.01 +0.01 +0.01 +0.01 +0.00
  suffix-4  -0.00 +0.01 -0.00 +0.00 +0.00 -0.01 -0.01 -0.02 -0.01 -0.01 +0.03 +0.04 +0.04 +0.05 +0.05 +0.06 +0.04 +0.04 +0.04 +0.04 +0.05 +0.05 +0.04 +0.04 +0.04 +0.04 +0.04 +0.04 +0.03 +0.03 +0.03 +0.00
  suffix-3  +0.00 +0.01 +0.00 +0.02 +0.02 +0.02 +0.01 +0.01 +0.02 +0.03 +0.08 +0.08 +0.12 +0.19 +0.18 +0.22 +0.16 +0.07 +0.02 +0.02 +0.01 +0.01 -0.00 -0.00 +0.00 +0.00 +0.00 +0.00 +0.01 +0.02 +0.02 +0.00
  suffix-2  +0.00 +0.01 +0.00 -0.01 +0.00 -0.01 -0.02 -0.01 -0.01 +0.00 +0.01 +0.03 +0.01 +0.01 +0.01 +0.01 +0.01 +0.01 -0.01 -0.01 -0.01 -0.02 -0.01 -0.00 -0.01 +0.00 +0.00 +0.00 +0.01 +0.01 +0.00 +0.00
  suffix-1  +0.01 -0.00 -0.01 -0.01 -0.02 -0.01 -0.01 +0.00 +0.02 +0.03 +0.05 +0.07 +0.10 +0.16 +0.23 +0.28 +0.36 +0.42 +0.42 +0.41 +0.41 +0.33 +0.33 +0.26 +0.28 +0.22 +0.20 +0.21 +0.21 +0.13 +0.13 +0.00
  last      +0.00 +0.01 +0.00 +0.01 +0.01 +0.01 +0.00 +0.01 +0.01 +0.02 +0.02 -0.04 -0.10 -0.06 -0.04 -0.01 +0.04 +0.09 +0.10 +0.13 +0.14 +0.26 +0.27 +0.40 +0.40 +0.47 +0.49 +0.48 +0.50 +0.69 +0.74 +1.00
  prefix    -0.00 -0.00 -0.00 -0.00 -0.00 -0.00 +0.00 -0.00 -0.00 -0.00 -0.00 -0.00 -0.00 +0.00 -0.00 +0.00 +0.00 +0.00 +0.00 +0.00 +0.00 +0.00 +0.00 +0.00 +0.00 +0.00 +0.00 +0.00 +0.00 +0.00 +0.00 +0.00
  first layer with >=0.5 recovery: entity span 1, last token 28; entity peak 0.67 at L5

[uncertain_to_control] mean log-odds recovery by group (rows) x layer (cols):
  entity    +0.95 +0.96 +0.96 +0.96 +0.95 +0.94 +0.90 +0.91 +0.65 +0.61 +0.53 +0.36 +0.17 +0.08 +0.02 +0.05 +0.02 +0.00 +0.01 -0.02 -0.02 -0.04 -0.03 -0.02 -0.01 -0.02 -0.00 +0.00 +0.00 +0.00 +0.00 +0.00
  suffix-11 +0.04 +0.01 +0.08 +0.07 -0.06 -0.05 -0.07 -0.05 +0.04 +0.01 +0.03 -0.03 +0.01 +0.02 +0.00 +0.02 +0.01 -0.00 +0.01 +0.01 +0.00 +0.01 -0.00 +0.00 -0.00 +0.01 +0.00 +0.00 +0.00 +0.00 -0.00 +0.00
  suffix-10 -0.00 +0.08 +0.13 +0.26 +0.31 +0.29 +0.35 +0.45 +0.36 +0.38 +0.32 +0.33 +0.23 +0.10 +0.07 +0.00 -0.01 +0.00 -0.00 -0.01 -0.00 -0.00 +0.00 +0.00 +0.00 -0.00 -0.00 +0.00 -0.00 +0.00 +0.00 +0.00
  suffix-9  +0.01 -0.07 -0.00 +0.05 +0.13 +0.12 +0.10 +0.15 +0.14 +0.08 +0.02 -0.04 -0.09 -0.08 -0.08 -0.03 -0.01 -0.00 -0.00 -0.00 -0.01 -0.02 -0.01 -0.01 -0.02 -0.02 -0.02 -0.02 -0.01 -0.01 +0.00 +0.00
  suffix-8  +0.00 +0.01 -0.01 +0.01 +0.05 +0.05 +0.11 +0.19 +0.24 +0.38 +0.38 +0.40 +0.21 +0.13 +0.08 +0.02 +0.00 -0.00 -0.00 -0.01 +0.00 -0.01 +0.00 -0.00 +0.00 +0.00 -0.00 -0.01 -0.01 -0.00 +0.01 +0.00
  suffix-7  -0.01 -0.01 -0.01 -0.02 -0.01 -0.00 +0.00 -0.02 -0.00 -0.01 +0.01 +0.02 +0.13 +0.06 +0.05 +0.02 +0.01 +0.01 -0.00 -0.00 +0.01 +0.01 -0.01 +0.00 +0.00 +0.00 +0.00 -0.00 +0.00 +0.00 +0.00 +0.00
  suffix-6  -0.00 +0.01 +0.01 +0.00 +0.05 +0.09 +0.12 +0.17 +0.27 +0.30 +0.29 +0.25 +0.24 +0.19 +0.13 +0.06 +0.04 +0.03 +0.04 +0.03 +0.03 +0.02 +0.02 +0.02 +0.02 +0.02 +0.00 +0.01 +0.01 +0.03 +0.00 +0.00
  suffix-5  +0.00 -0.01 -0.00 -0.02 -0.02 -0.02 -0.01 -0.01 -0.01 -0.01 -0.01 +0.00 +0.02 +0.05 +0.06 +0.04 +0.03 +0.01 +0.01 +0.02 +0.03 +0.02 +0.02 +0.02 +0.02 +0.02 +0.01 +0.01 +0.01 +0.01 +0.01 +0.00
  suffix-4  +0.00 +0.01 +0.01 +0.00 -0.01 -0.01 -0.01 -0.01 -0.02 -0.02 -0.02 -0.01 +0.00 +0.06 +0.08 +0.11 +0.09 +0.08 +0.08 +0.07 +0.07 +0.06 +0.03 +0.03 +0.04 +0.04 +0.03 +0.03 +0.02 +0.01 +0.02 +0.00
  suffix-3  +0.01 -0.00 +0.00 -0.00 -0.00 +0.01 +0.02 -0.01 +0.02 +0.01 -0.00 -0.01 +0.02 +0.16 +0.26 +0.40 +0.27 +0.11 +0.07 +0.06 +0.07 +0.05 +0.03 +0.03 +0.03 +0.03 +0.03 +0.04 +0.04 +0.03 +0.02 +0.00
  suffix-2  +0.01 +0.01 +0.01 -0.00 +0.01 +0.01 +0.00 +0.00 -0.02 -0.01 -0.01 -0.02 -0.02 -0.02 -0.02 +0.01 -0.00 -0.01 -0.01 -0.01 -0.01 -0.02 -0.01 -0.01 -0.01 -0.01 -0.01 -0.01 -0.00 +0.01 +0.01 +0.00
  suffix-1  +0.00 +0.00 -0.00 -0.01 -0.01 -0.02 -0.02 -0.02 -0.03 -0.04 -0.05 -0.04 -0.02 +0.14 +0.30 +0.61 +0.77 +0.84 +0.86 +0.84 +0.81 +0.68 +0.68 +0.52 +0.52 +0.45 +0.43 +0.44 +0.43 +0.22 +0.21 +0.00
  last      -0.01 +0.00 +0.01 -0.00 -0.01 -0.00 -0.01 -0.01 -0.01 +0.00 -0.02 -0.05 -0.02 +0.04 +0.09 +0.34 +0.39 +0.48 +0.50 +0.48 +0.47 +0.58 +0.59 +0.65 +0.62 +0.63 +0.68 +0.69 +0.69 +0.80 +0.79 +1.00
  prefix    -0.00 +0.00 +0.00 +0.00 +0.00 +0.00 -0.00 -0.00 +0.00 -0.00 +0.00 -0.00 +0.00 +0.00 +0.00 +0.00 +0.00 +0.00 +0.00 +0.00 +0.00 +0.00 +0.00 +0.00 -0.00 +0.00 +0.00 +0.00 -0.00 +0.00 -0.00 +0.00
  first layer with >=0.5 recovery: entity span 0, last token 21; entity peak 0.96 at L3

