Position x layer map -- conflict; 60 pairs; layers 0-27

[control_to_uncertain] mean log-odds recovery by group (rows) x layer (cols):
  entity    +0.03 +0.03 -0.01 -0.01 +0.03 +0.02 +0.00 -0.02 +0.02 +0.02 +0.03 +0.01 +0.03 +0.14 +0.15 +0.07 +0.11 +0.05 -0.04 -0.02 -0.03 -0.02 -0.01 +0.01 -0.01 -0.00 -0.01 +0.00
  suffix-27 +0.02 +0.01 +0.01 +0.01 +0.02 +0.02 +0.03 +0.01 +0.03 +0.02 +0.03 +0.02 +0.02 +0.03 +0.02 +0.02 +0.00 +0.00 +0.00 +0.01 +0.00 +0.01 +0.00 +0.00 -0.00 -0.00 +0.01 +0.00
  suffix-26 +0.14 +0.13 +0.15 +0.19 +0.17 +0.14 +0.08 +0.15 +0.21 +0.11 +0.07 +0.15 +0.11 +0.03 +0.01 +0.00 +0.07 +0.09 +0.10 +0.03 +0.06 +0.03 +0.07 +0.10 +0.07 +0.06 +0.07 +0.00
  suffix-25 +0.18 +0.14 +0.16 +0.11 +0.18 +0.05 +0.06 +0.13 +0.16 +0.16 +0.09 +0.09 +0.08 +0.13 +0.13 +0.14 +0.16 +0.07 +0.13 +0.09 +0.09 +0.13 +0.10 +0.07 +0.09 +0.09 +0.07 +0.00
  suffix-24 +0.18 +0.16 +0.19 +0.05 +0.15 -0.02 -0.02 +0.15 +0.04 +0.09 +0.03 +0.04 +0.00 +0.11 -0.00 +0.05 +0.03 +0.00 +0.03 +0.07 +0.06 +0.07 +0.07 +0.03 +0.06 +0.07 +0.09 +0.00
  suffix-23 +0.10 +0.04 +0.09 +0.01 +0.05 -0.05 +0.04 -0.06 +0.05 +0.06 +0.07 +0.16 +0.20 +0.06 +0.07 +0.07 +0.07 +0.07 +0.03 +0.07 +0.13 +0.13 +0.07 +0.06 +0.10 +0.06 +0.06 +0.00
  suffix-22 +0.19 +0.18 +0.19 +0.07 +0.02 +0.06 +0.11 +0.25 -0.03 -0.15 -0.15 +0.03 +0.25 +0.26 +0.15 +0.13 +0.16 +0.08 +0.29 +0.22 -0.03 -0.04 +0.02 +0.01 -0.04 +0.08 +0.01 +0.00
  suffix-21 +0.05 +0.09 +0.04 -0.01 +0.02 -0.03 +0.10 -0.06 -0.06 -0.07 -0.06 -0.06 -0.07 -0.07 +0.05 +0.06 -0.04 +0.00 -0.03 -0.05 -0.03 -0.03 +0.02 -0.03 +0.02 +0.01 +0.02 +0.00
  suffix-20 +0.01 -0.01 +0.00 +0.02 +0.05 +0.01 +0.02 -0.03 +0.05 +0.02 -0.03 +0.00 +0.02 -0.02 -0.01 -0.03 -0.03 +0.02 +0.00 -0.02 +0.01 +0.00 +0.01 +0.02 +0.04 +0.01 +0.00 +0.00
  suffix-19 +0.01 -0.00 +0.02 +0.03 +0.00 -0.01 -0.00 +0.03 +0.04 -0.00 +0.00 +0.00 -0.02 +0.00 -0.00 -0.01 -0.01 +0.00 -0.01 -0.01 -0.01 -0.01 +0.01 +0.00 +0.00 +0.00 +0.01 +0.00
  suffix-18 +0.03 +0.03 +0.03 +0.02 +0.01 +0.02 -0.02 -0.01 -0.00 +0.00 -0.01 -0.02 +0.01 -0.01 +0.01 +0.01 -0.02 +0.02 +0.00 -0.01 -0.01 -0.01 +0.01 +0.01 +0.01 +0.00 +0.00 +0.00
  suffix-17 +0.02 +0.03 +0.02 +0.01 +0.03 +0.04 +0.04 +0.01 +0.05 +0.04 +0.06 +0.04 +0.03 +0.06 +0.04 +0.01 +0.04 +0.02 +0.01 +0.02 +0.00 +0.01 +0.01 -0.00 -0.00 -0.01 +0.00 +0.00
  suffix-16 -0.01 +0.01 +0.00 +0.02 +0.01 +0.01 +0.00 +0.02 +0.03 +0.04 +0.01 +0.02 +0.04 +0.03 +0.04 +0.04 +0.04 +0.03 +0.03 +0.02 +0.03 +0.04 +0.03 +0.04 +0.03 +0.02 -0.00 +0.00
  suffix-15 +0.02 +0.01 +0.03 -0.01 +0.02 -0.01 -0.01 -0.01 -0.02 -0.00 +0.01 -0.02 -0.02 -0.01 +0.00 +0.00 +0.04 +0.02 -0.01 -0.01 +0.00 +0.02 +0.01 +0.01 +0.04 +0.02 +0.02 +0.00
  suffix-14 +0.03 -0.00 +0.01 +0.02 +0.02 -0.01 +0.02 -0.01 -0.01 -0.02 -0.02 +0.02 +0.03 +0.03 +0.04 +0.03 +0.04 +0.04 +0.04 +0.04 +0.03 +0.04 +0.04 +0.02 +0.02 -0.01 +0.00 +0.00
  suffix-13 +0.03 +0.03 +0.01 -0.01 +0.02 -0.01 +0.00 -0.00 +0.03 +0.03 +0.04 +0.03 +0.04 +0.03 -0.01 -0.02 -0.01 -0.01 -0.01 +0.02 +0.00 +0.02 +0.00 +0.01 +0.01 +0.00 +0.00 +0.00
  suffix-12 +0.01 +0.00 +0.00 -0.03 -0.03 -0.03 -0.02 -0.03 -0.02 -0.03 -0.02 -0.02 -0.01 -0.02 -0.03 -0.02 -0.02 +0.03 +0.03 +0.03 +0.02 +0.03 +0.01 +0.00 +0.01 +0.00 +0.00 +0.00
  suffix-11 +0.01 +0.02 +0.02 -0.00 -0.01 -0.01 -0.01 -0.01 -0.02 -0.02 -0.01 -0.02 -0.02 -0.01 -0.04 -0.02 -0.01 -0.01 -0.01 +0.00 +0.01 +0.00 +0.00 +0.01 +0.00 -0.01 +0.00 +0.00
  suffix-10 +0.01 +0.02 +0.03 +0.04 -0.01 -0.00 -0.01 -0.02 -0.01 -0.01 -0.01 -0.02 -0.01 +0.03 -0.01 -0.01 -0.01 -0.01 -0.00 -0.01 +0.01 +0.00 +0.01 +0.01 +0.01 -0.01 +0.00 +0.00
  suffix-9  -0.01 +0.01 +0.02 +0.00 +0.01 +0.02 +0.02 +0.03 -0.01 +0.02 +0.00 +0.03 -0.02 -0.00 -0.04 -0.01 -0.02 +0.01 -0.02 -0.00 +0.01 +0.02 +0.01 +0.00 +0.01 +0.00 +0.00 +0.00
  suffix-8  +0.02 +0.03 +0.01 +0.01 +0.01 +0.02 +0.03 -0.00 +0.00 +0.03 -0.01 -0.01 -0.00 -0.01 -0.02 -0.01 +0.01 -0.01 -0.02 -0.01 -0.01 +0.00 +0.01 +0.00 +0.00 -0.01 +0.00 +0.00
  suffix-7  +0.00 -0.00 -0.02 -0.01 +0.00 -0.01 +0.02 +0.01 -0.01 -0.02 -0.00 -0.01 -0.01 -0.02 +0.00 -0.01 -0.01 -0.00 +0.00 +0.00 +0.00 +0.01 +0.00 +0.01 +0.01 +0.00 +0.00 +0.00
  suffix-6  +0.00 +0.02 +0.01 +0.01 -0.01 +0.02 -0.02 +0.02 -0.01 -0.02 -0.02 -0.01 -0.03 -0.02 -0.02 -0.02 +0.01 +0.01 +0.01 -0.01 -0.00 +0.01 -0.00 -0.01 -0.01 +0.00 -0.00 +0.00
  suffix-5  +0.01 +0.02 +0.03 +0.03 +0.01 +0.01 +0.02 +0.04 +0.00 +0.02 +0.03 -0.01 +0.00 -0.00 -0.01 -0.02 +0.00 -0.01 -0.01 +0.02 -0.01 +0.01 -0.01 +0.01 +0.02 +0.02 +0.01 +0.00
  suffix-4  +0.01 -0.01 +0.01 +0.04 +0.03 -0.01 +0.01 +0.01 -0.01 -0.01 -0.01 -0.02 -0.01 -0.01 -0.02 -0.02 -0.02 -0.01 -0.00 -0.02 -0.02 -0.02 -0.02 -0.01 -0.01 -0.01 -0.01 +0.00
  suffix-3  +0.00 -0.00 -0.01 +0.02 -0.00 +0.01 +0.02 -0.01 +0.02 +0.01 +0.03 +0.04 +0.00 +0.00 -0.00 -0.00 -0.01 +0.03 +0.05 -0.02 -0.03 -0.02 -0.02 -0.02 -0.02 +0.00 +0.01 +0.00
  suffix-2  +0.02 +0.01 +0.01 +0.03 -0.01 +0.01 -0.02 -0.02 -0.01 -0.00 -0.01 -0.00 -0.01 -0.02 -0.01 +0.03 -0.00 -0.01 -0.01 -0.02 +0.03 +0.03 +0.03 +0.03 -0.01 -0.01 +0.00 +0.00
  suffix-1  +0.02 +0.00 +0.02 -0.01 -0.01 +0.01 +0.00 +0.03 -0.01 +0.00 -0.02 -0.02 -0.01 +0.02 +0.01 +0.07 +0.10 +0.24 +0.40 +0.44 +0.40 +0.33 +0.32 +0.14 +0.07 +0.03 +0.03 +0.00
  last      -0.01 +0.01 +0.00 +0.01 -0.02 -0.01 -0.01 -0.02 -0.02 -0.02 -0.02 -0.02 -0.02 -0.05 -0.06 -0.05 -0.06 -0.03 -0.09 -0.04 +0.42 +0.49 +0.50 +0.80 +0.85 +1.03 +1.01 +1.00
  prefix    -0.01 +0.01 +0.01 -0.00 -0.01 +0.02 +0.01 -0.00 -0.00 -0.01 +0.00 +0.01 +0.01 +0.02 +0.00 -0.00 +0.00 -0.01 -0.01 -0.01 -0.01 -0.01 +0.00 +0.00 +0.01 +0.00 +0.00 +0.00
  first layer with >=0.5 recovery: entity span None, last token 22; entity peak 0.15 at L14

[uncertain_to_control] mean log-odds recovery by group (rows) x layer (cols):
  entity    +0.10 +0.10 +0.07 +0.03 +0.04 +0.05 +0.05 +0.06 +0.02 +0.00 +0.07 +0.14 +0.26 +0.34 +0.71 +0.80 +0.26 +0.17 +0.01 +0.00 -0.01 -0.02 -0.03 -0.03 -0.03 -0.03 -0.02 +0.00
  suffix-27 +0.00 +0.02 -0.00 +0.01 +0.00 +0.01 +0.02 +0.03 -0.01 +0.01 +0.03 +0.01 +0.03 +0.01 +0.02 +0.03 +0.01 +0.02 +0.01 +0.01 +0.00 +0.01 +0.00 +0.01 -0.00 +0.00 -0.00 +0.00
  suffix-26 -0.13 -0.26 +0.13 -0.19 -0.00 -0.00 -0.32 -0.19 -0.07 -0.20 -0.20 +0.13 +0.07 -0.06 -0.27 -0.07 +0.20 +0.12 +0.20 +0.07 +0.13 +0.07 -0.00 +0.07 +0.07 +0.06 -0.00 +0.00
  suffix-25 +0.07 -0.26 +0.01 +0.19 +0.19 +0.20 +0.26 -0.13 +0.20 +0.32 +0.20 +0.06 +0.13 +0.07 -0.13 +0.13 -0.00 -0.00 +0.07 +0.13 +0.13 +0.07 +0.06 +0.06 +0.06 +0.06 +0.06 +0.00
  suffix-24 -0.13 -0.27 +0.20 -0.06 +0.13 +0.27 +0.26 +0.13 +0.07 +0.27 +0.13 +0.08 +0.06 +0.14 -0.06 -0.06 -0.06 -0.06 +0.01 +0.06 +0.06 +0.06 +0.07 +0.06 +0.07 -0.00 -0.00 +0.00
  suffix-23 -0.06 -0.26 +0.45 -0.26 +0.05 -0.14 +0.00 -0.32 -0.06 +0.20 -0.06 +0.09 +0.07 +0.08 -0.19 +0.07 +0.15 +0.07 +0.07 +0.00 +0.14 +0.13 +0.06 +0.06 -0.00 +0.06 -0.00 +0.00
  suffix-22 -0.05 -0.08 +0.01 +0.10 +0.28 -0.06 +0.29 +0.28 +0.29 +0.38 +0.08 +0.25 +0.24 +0.11 -0.10 -0.10 -0.11 +0.07 -0.03 -0.01 -0.09 -0.03 +0.14 +0.01 +0.03 +0.02 +0.05 +0.00
  suffix-21 +0.02 -0.15 -0.09 -0.13 -0.11 -0.08 -0.05 -0.07 -0.12 -0.16 +0.07 +0.08 +0.02 -0.00 -0.10 -0.01 -0.13 -0.09 -0.11 -0.12 -0.02 -0.04 -0.03 +0.04 +0.00 -0.00 +0.02 +0.00
  suffix-20 -0.04 -0.02 -0.03 -0.00 -0.04 -0.03 -0.01 -0.04 -0.01 -0.03 -0.05 -0.01 +0.05 +0.01 +0.01 +0.02 -0.02 -0.03 +0.02 -0.02 +0.00 +0.02 +0.02 +0.01 +0.01 +0.01 +0.01 +0.00
  suffix-19 -0.01 +0.01 -0.00 +0.01 -0.02 +0.01 -0.03 -0.00 -0.01 -0.03 -0.03 +0.00 -0.01 +0.01 +0.01 -0.01 -0.04 -0.03 -0.01 -0.01 -0.01 -0.00 -0.00 -0.00 +0.00 +0.00 +0.01 +0.00
  suffix-18 -0.03 -0.01 -0.04 -0.03 -0.03 -0.03 -0.04 -0.03 +0.01 +0.01 -0.05 +0.01 +0.01 -0.00 +0.01 +0.01 -0.01 -0.02 -0.00 +0.00 -0.00 -0.00 +0.01 -0.00 +0.01 -0.00 +0.00 +0.00
  suffix-17 -0.01 +0.01 -0.03 -0.03 +0.02 +0.00 +0.01 +0.00 -0.02 -0.03 -0.02 -0.02 -0.03 +0.02 +0.02 -0.03 -0.03 -0.01 -0.02 -0.03 -0.02 +0.01 -0.01 -0.00 +0.00 -0.01 +0.00 +0.00
  suffix-16 -0.03 +0.00 -0.03 -0.03 -0.03 -0.03 -0.03 -0.02 -0.01 -0.03 -0.03 -0.03 -0.04 -0.03 -0.01 +0.01 +0.02 +0.00 -0.01 -0.01 +0.00 +0.01 +0.00 -0.01 +0.00 +0.00 +0.00 +0.00
  suffix-15 -0.01 -0.02 -0.01 +0.01 +0.02 +0.01 +0.01 +0.01 +0.02 -0.00 +0.01 -0.03 -0.04 -0.02 +0.01 +0.05 +0.04 +0.03 +0.01 +0.02 +0.00 +0.00 -0.01 -0.00 +0.02 +0.01 -0.00 +0.00
  suffix-14 -0.01 -0.02 -0.02 -0.02 -0.01 +0.00 -0.01 -0.00 -0.01 -0.02 -0.03 -0.01 +0.04 +0.05 +0.05 +0.04 +0.02 +0.04 +0.04 +0.03 +0.02 -0.01 -0.02 -0.01 +0.00 +0.00 -0.00 +0.00
  suffix-13 -0.03 -0.01 +0.00 +0.01 -0.01 +0.00 +0.05 +0.01 +0.03 +0.02 +0.01 +0.02 +0.04 +0.02 +0.06 +0.03 +0.04 -0.01 -0.02 -0.01 -0.00 -0.00 +0.01 -0.00 +0.01 -0.00 +0.00 +0.00
  suffix-12 +0.02 -0.01 -0.02 +0.02 -0.02 -0.01 -0.01 +0.05 +0.01 +0.02 +0.01 +0.05 +0.03 +0.03 +0.07 +0.03 +0.07 +0.03 +0.01 +0.02 +0.02 +0.01 -0.00 +0.01 +0.01 -0.00 +0.00 +0.00
  suffix-11 -0.02 -0.01 -0.01 -0.02 -0.02 -0.01 -0.01 +0.02 +0.01 +0.01 +0.05 +0.02 +0.02 +0.05 +0.14 +0.12 +0.10 +0.06 +0.04 +0.03 +0.01 -0.01 +0.00 -0.00 +0.01 +0.00 -0.00 +0.00
  suffix-10 -0.01 -0.02 +0.03 -0.03 -0.02 -0.01 +0.01 +0.03 +0.01 +0.02 +0.03 +0.03 +0.03 +0.03 -0.02 -0.01 -0.00 +0.04 +0.02 +0.03 -0.00 +0.00 -0.00 +0.00 +0.00 -0.00 +0.00 +0.00
  suffix-9  -0.03 -0.02 -0.03 -0.01 -0.04 -0.03 -0.02 +0.01 -0.04 -0.04 -0.04 -0.01 +0.03 +0.02 +0.03 +0.02 +0.03 +0.01 +0.00 +0.01 +0.02 -0.01 +0.00 +0.01 +0.01 +0.00 -0.00 +0.00
  suffix-8  -0.01 -0.01 +0.01 -0.02 -0.00 -0.01 -0.01 +0.01 -0.01 +0.01 +0.01 -0.02 +0.01 +0.06 +0.14 +0.19 +0.24 +0.15 -0.02 -0.00 -0.00 +0.01 -0.01 +0.01 +0.00 +0.00 +0.00 +0.00
  suffix-7  -0.02 -0.02 -0.02 -0.01 -0.02 +0.00 -0.02 -0.02 -0.02 -0.02 -0.02 -0.03 -0.03 -0.04 +0.01 +0.04 +0.02 +0.01 -0.01 +0.01 +0.01 +0.00 -0.00 +0.01 +0.01 +0.00 +0.01 +0.00
  suffix-6  -0.02 -0.03 -0.04 -0.01 -0.02 -0.02 -0.03 -0.04 -0.05 -0.04 -0.05 -0.04 -0.03 -0.02 +0.01 +0.04 +0.02 -0.01 +0.02 +0.03 -0.00 -0.01 -0.00 +0.01 -0.00 +0.01 -0.00 +0.00
  suffix-5  -0.00 -0.00 -0.02 +0.00 -0.01 -0.02 -0.03 +0.02 -0.00 +0.02 -0.00 +0.03 +0.05 +0.07 +0.16 +0.20 +0.22 +0.17 +0.07 +0.04 +0.02 +0.03 +0.04 +0.02 +0.03 +0.02 +0.02 +0.00
  suffix-4  -0.02 -0.01 +0.01 -0.03 -0.01 -0.01 +0.01 -0.01 -0.02 -0.01 +0.00 -0.00 -0.02 -0.05 -0.04 -0.05 -0.04 -0.02 +0.02 -0.01 -0.02 -0.02 -0.01 -0.01 -0.01 -0.00 -0.01 +0.00
  suffix-3  -0.01 -0.04 -0.03 -0.04 -0.03 -0.04 -0.03 -0.02 -0.01 +0.02 +0.03 +0.05 +0.04 +0.01 +0.02 +0.05 +0.03 +0.05 +0.18 +0.10 -0.01 +0.00 -0.00 -0.01 -0.01 -0.02 +0.01 +0.00
  suffix-2  -0.02 +0.00 +0.00 -0.02 +0.01 +0.00 -0.02 -0.01 -0.01 -0.03 -0.02 -0.04 -0.05 -0.03 -0.01 +0.04 +0.03 +0.02 +0.10 +0.06 -0.04 -0.05 -0.04 -0.02 -0.02 -0.01 -0.01 +0.00
  suffix-1  -0.03 -0.03 -0.02 -0.01 -0.02 -0.01 -0.02 +0.01 -0.02 -0.02 +0.01 -0.00 -0.02 -0.02 -0.01 +0.06 +0.15 +0.33 +0.89 +0.96 +0.61 +0.54 +0.53 +0.24 +0.17 -0.00 -0.01 +0.00
  last      -0.01 -0.01 +0.02 -0.01 -0.03 -0.04 +0.00 -0.00 +0.00 -0.02 -0.05 -0.03 -0.03 -0.04 -0.04 -0.01 -0.05 -0.05 +0.35 +0.48 +0.65 +0.68 +0.65 +0.86 +0.93 +0.97 +0.96 +1.00
  prefix    -0.03 -0.02 -0.00 -0.03 -0.03 -0.03 -0.02 -0.01 -0.03 -0.03 -0.02 +0.01 +0.01 -0.01 -0.03 -0.02 -0.01 -0.00 +0.01 -0.00 +0.00 -0.01 +0.00 +0.00 +0.00 -0.01 +0.00 +0.00
  first layer with >=0.5 recovery: entity span 14, last token 20; entity peak 0.80 at L15

