Position x layer map -- conflict; 60 pairs; layers 0-31

[control_to_uncertain] mean log-odds recovery by group (rows) x layer (cols):
  entity    -0.04 -0.02 -0.07 -0.08 -0.08 -0.18 -0.16 -0.08 -0.06 -0.11 -0.11 -0.09 -0.13 -0.06 -0.02 -0.03 -0.03 +0.01 -0.00 -0.01 +0.00 +0.00 -0.00 -0.01 -0.00 -0.01 +0.00 -0.01 -0.01 -0.00 +0.00 +0.00
  suffix-27 -0.06 -0.10 -0.09 -0.01 +0.04 -0.01 -0.04 -0.05 -0.08 -0.12 -0.12 +0.01 +0.00 -0.05 -0.05 -0.00 -0.00 -0.01 +0.00 -0.00 -0.00 -0.00 -0.00 +0.00 -0.00 +0.00 -0.00 -0.00 +0.00 -0.00 +0.00 +0.00
  suffix-26 -0.04 -0.03 -0.04 -0.05 -0.06 -0.04 -0.09 -0.06 -0.10 -0.06 -0.07 -0.05 -0.06 -0.05 -0.04 -0.05 -0.05 -0.03 -0.00 -0.00 -0.00 -0.01 +0.00 -0.00 -0.00 -0.00 +0.00 -0.00 -0.00 -0.00 +0.00 +0.00
  suffix-25 +0.01 -0.04 -0.03 -0.02 -0.00 -0.00 +0.00 +0.01 +0.01 +0.01 +0.00 +0.01 -0.02 -0.00 +0.00 +0.00 -0.00 -0.00 -0.00 -0.02 -0.02 +0.00 +0.00 -0.00 +0.00 +0.00 -0.00 +0.00 +0.00 -0.00 +0.00 +0.00
  suffix-24 -0.04 -0.03 -0.04 -0.02 -0.03 -0.02 -0.02 -0.03 -0.01 -0.02 -0.01 +0.02 +0.00 +0.01 +0.01 +0.02 -0.02 -0.01 +0.01 -0.00 -0.00 +0.01 +0.01 +0.01 +0.01 +0.01 -0.00 +0.01 +0.01 +0.02 +0.01 +0.00
  suffix-23 -0.01 -0.01 -0.00 +0.00 -0.01 +0.01 +0.00 +0.02 -0.01 -0.04 -0.01 +0.01 +0.02 +0.01 -0.01 -0.02 -0.02 -0.00 -0.01 -0.00 +0.01 -0.00 +0.01 -0.00 +0.01 -0.00 +0.00 +0.00 -0.00 +0.01 +0.01 +0.00
  suffix-22 -0.01 +0.03 +0.02 -0.03 -0.04 -0.04 -0.06 -0.07 -0.06 +0.05 +0.08 +0.08 +0.13 +0.11 +0.02 +0.01 -0.00 -0.00 -0.01 -0.01 -0.01 +0.00 +0.00 -0.00 +0.00 -0.00 +0.00 +0.00 -0.00 +0.00 +0.01 +0.00
  suffix-21 +0.00 -0.00 -0.00 -0.00 -0.00 +0.00 +0.00 -0.05 -0.03 -0.01 +0.00 +0.02 +0.05 +0.03 -0.00 -0.01 -0.01 -0.00 -0.00 -0.00 -0.00 +0.00 -0.01 -0.01 +0.00 -0.00 +0.00 -0.00 -0.00 -0.00 +0.00 +0.00
  suffix-20 +0.00 +0.05 +0.00 +0.06 +0.06 +0.02 +0.03 +0.04 +0.04 +0.00 -0.02 +0.05 +0.06 +0.00 +0.01 +0.05 +0.05 +0.01 +0.00 +0.01 +0.01 +0.01 +0.00 +0.00 +0.01 -0.00 +0.00 +0.00 +0.00 +0.00 +0.00 +0.00
  suffix-19 -0.00 +0.00 -0.00 +0.00 -0.02 +0.01 +0.01 -0.02 -0.02 -0.03 -0.04 +0.02 +0.02 +0.03 +0.04 +0.04 +0.03 +0.00 -0.00 -0.01 +0.00 +0.01 +0.00 +0.00 +0.02 +0.00 -0.00 -0.00 +0.00 +0.00 +0.00 +0.00
  suffix-18 +0.03 +0.04 +0.00 +0.03 +0.00 +0.00 +0.00 +0.03 +0.01 +0.01 -0.03 -0.02 -0.02 -0.01 +0.00 +0.01 -0.00 +0.00 +0.00 +0.00 +0.01 +0.00 +0.00 +0.00 +0.00 +0.00 -0.00 +0.00 -0.00 +0.00 +0.00 +0.00
  suffix-17 +0.00 +0.00 -0.00 +0.01 -0.00 +0.03 -0.02 -0.01 -0.03 -0.02 -0.03 -0.01 -0.02 -0.01 -0.01 -0.00 -0.00 +0.01 -0.01 -0.00 +0.00 -0.00 +0.00 +0.01 +0.01 -0.00 -0.00 +0.01 +0.00 +0.00 -0.00 +0.00
  suffix-16 +0.00 -0.00 +0.04 -0.00 -0.01 -0.01 +0.03 -0.01 -0.03 -0.00 +0.01 -0.03 -0.01 -0.00 -0.00 -0.00 -0.01 -0.00 -0.00 +0.00 -0.01 +0.00 -0.00 +0.00 -0.00 +0.00 +0.00 -0.00 -0.00 -0.00 -0.00 +0.00
  suffix-15 +0.01 -0.00 -0.01 -0.00 -0.00 -0.01 +0.02 +0.02 -0.02 +0.02 +0.00 +0.02 +0.00 +0.00 +0.00 +0.00 -0.00 +0.00 +0.00 -0.00 -0.00 +0.03 -0.00 -0.00 +0.01 -0.00 +0.00 +0.00 +0.00 +0.00 +0.01 +0.00
  suffix-14 +0.00 -0.01 -0.00 +0.01 -0.02 -0.00 -0.00 +0.03 +0.03 +0.02 +0.01 -0.03 +0.03 -0.00 -0.00 -0.00 -0.00 +0.00 +0.00 -0.00 +0.01 +0.00 +0.00 +0.00 -0.00 +0.01 +0.00 +0.01 +0.00 +0.00 +0.00 +0.00
  suffix-13 -0.00 +0.03 +0.00 +0.00 -0.00 +0.03 +0.04 +0.03 +0.03 -0.00 -0.00 -0.01 -0.00 -0.01 +0.03 +0.03 +0.03 -0.00 -0.00 -0.00 -0.00 +0.00 +0.00 -0.00 +0.00 -0.01 +0.00 -0.00 -0.00 -0.00 -0.00 +0.00
  suffix-12 -0.00 -0.01 -0.00 -0.00 +0.02 +0.02 +0.02 +0.02 +0.03 +0.03 +0.04 +0.03 +0.03 +0.03 -0.01 +0.03 -0.01 -0.02 +0.00 -0.00 +0.00 +0.00 +0.00 +0.00 +0.00 +0.00 -0.00 +0.00 +0.00 +0.00 -0.00 +0.00
  suffix-11 -0.00 +0.00 -0.00 +0.00 +0.00 -0.00 -0.00 +0.02 +0.03 +0.02 +0.01 +0.04 +0.03 -0.02 -0.01 -0.01 -0.00 -0.00 -0.01 -0.00 +0.00 -0.00 +0.01 +0.00 +0.00 +0.01 +0.00 +0.00 +0.00 -0.01 +0.00 +0.00
  suffix-10 +0.00 -0.01 -0.02 +0.01 +0.01 -0.01 -0.01 +0.01 -0.02 -0.02 -0.02 -0.02 -0.01 -0.02 +0.00 +0.01 +0.01 -0.00 +0.00 -0.01 -0.00 +0.00 -0.00 -0.00 +0.00 -0.00 +0.00 -0.00 -0.00 +0.00 +0.00 +0.00
  suffix-9  -0.00 -0.01 +0.01 -0.00 -0.01 -0.02 -0.03 -0.04 -0.03 -0.05 -0.04 -0.02 -0.01 -0.02 -0.01 -0.01 -0.00 +0.01 +0.00 +0.00 +0.00 -0.00 +0.00 +0.00 -0.00 +0.00 -0.00 -0.00 +0.00 +0.00 +0.00 +0.00
  suffix-8  -0.00 -0.00 -0.02 +0.00 +0.01 -0.01 +0.00 +0.01 +0.03 +0.02 +0.00 +0.01 -0.04 -0.05 -0.06 -0.03 -0.02 -0.03 -0.00 -0.00 +0.00 +0.03 -0.01 -0.00 -0.00 +0.00 -0.01 -0.00 -0.00 +0.01 -0.00 +0.00
  suffix-7  +0.03 +0.01 +0.00 +0.00 +0.00 -0.01 -0.00 +0.02 +0.04 +0.03 +0.05 +0.01 -0.01 +0.03 +0.04 +0.00 -0.01 -0.01 -0.01 -0.00 +0.00 +0.00 -0.00 -0.00 +0.00 -0.00 -0.00 +0.00 +0.00 +0.01 -0.00 +0.00
  suffix-6  +0.03 +0.00 -0.02 +0.00 +0.01 +0.01 +0.01 -0.00 +0.03 +0.02 +0.04 +0.04 -0.03 +0.00 -0.01 +0.03 +0.01 +0.04 +0.03 -0.00 -0.00 +0.01 -0.00 -0.00 +0.03 +0.03 +0.03 +0.03 +0.01 +0.04 +0.01 +0.00
  suffix-5  +0.00 +0.01 +0.00 -0.01 -0.00 -0.01 -0.01 -0.00 +0.01 +0.00 +0.02 -0.02 -0.02 -0.02 -0.00 +0.00 +0.00 +0.01 +0.04 +0.01 +0.01 +0.04 +0.01 +0.00 +0.00 +0.00 +0.01 +0.01 +0.00 -0.00 +0.00 +0.00
  suffix-4  +0.00 +0.00 -0.00 -0.00 -0.00 -0.01 -0.00 -0.01 -0.00 +0.01 +0.01 +0.01 +0.01 +0.01 +0.05 +0.05 -0.01 +0.02 -0.00 -0.01 +0.00 -0.00 +0.00 -0.01 -0.01 -0.00 -0.01 -0.00 +0.00 -0.00 +0.01 +0.00
  suffix-3  -0.00 -0.00 +0.01 -0.00 -0.00 -0.01 -0.03 -0.02 -0.04 -0.03 -0.02 -0.00 +0.07 +0.08 +0.07 +0.09 +0.02 +0.01 +0.05 +0.04 +0.01 -0.02 -0.02 -0.02 -0.01 -0.01 -0.01 +0.01 +0.01 +0.00 -0.00 +0.00
  suffix-2  -0.00 +0.00 -0.00 +0.00 +0.00 -0.00 -0.01 +0.03 +0.00 +0.00 +0.01 -0.03 -0.01 -0.04 -0.04 -0.02 -0.02 -0.03 -0.01 -0.01 -0.01 -0.02 -0.01 -0.02 -0.02 -0.02 -0.00 -0.00 -0.00 +0.01 -0.00 +0.00
  suffix-1  +0.00 -0.00 +0.00 +0.00 -0.00 -0.01 -0.01 +0.01 -0.01 -0.01 +0.04 +0.08 +0.13 +0.17 +0.26 +0.47 +0.53 +0.61 +0.42 +0.38 +0.35 +0.30 +0.29 +0.16 +0.16 +0.14 +0.13 +0.14 +0.12 -0.01 -0.00 +0.00
  last      +0.03 -0.01 -0.00 -0.01 -0.01 -0.03 -0.01 -0.01 -0.01 -0.02 -0.02 -0.00 -0.01 -0.04 -0.05 -0.05 -0.05 -0.01 +0.01 +0.02 +0.02 +0.08 +0.10 +0.50 +0.47 +0.65 +0.65 +0.64 +0.64 +0.98 +1.00 +1.00
  prefix    -0.00 -0.00 +0.00 -0.00 +0.01 +0.01 -0.00 +0.00 -0.00 -0.01 +0.03 +0.03 +0.01 +0.01 +0.01 +0.01 +0.00 +0.00 +0.00 -0.00 +0.00 +0.00 +0.00 +0.00 -0.00 +0.00 -0.01 +0.01 +0.01 +0.00 +0.00 +0.00
  first layer with >=0.5 recovery: entity span None, last token 23; entity peak 0.01 at L17

[uncertain_to_control] mean log-odds recovery by group (rows) x layer (cols):
  entity    +0.04 +0.02 +0.03 +0.05 -0.05 -0.04 -0.00 +0.15 +0.35 +0.44 +0.62 +0.73 +0.77 +0.20 +0.04 +0.03 -0.02 -0.04 -0.02 -0.03 +0.01 -0.01 -0.03 -0.01 +0.02 +0.02 +0.03 +0.03 +0.02 +0.03 -0.00 +0.00
  suffix-27 +0.02 +0.00 -0.00 -0.02 -0.03 +0.04 -0.15 -0.23 -0.14 -0.08 +0.09 +0.09 +0.15 +0.06 +0.01 -0.01 -0.01 -0.00 -0.00 +0.01 +0.00 -0.00 -0.00 -0.01 -0.00 +0.01 +0.02 +0.01 +0.01 +0.01 +0.01 +0.00
  suffix-26 -0.01 +0.00 +0.01 -0.02 -0.02 +0.02 -0.06 -0.02 +0.01 -0.02 +0.00 +0.01 +0.06 +0.06 -0.02 +0.00 -0.00 +0.01 +0.01 +0.02 +0.02 -0.01 -0.01 +0.00 -0.01 +0.00 +0.00 -0.00 -0.01 -0.00 +0.00 +0.00
  suffix-25 +0.03 +0.01 +0.00 +0.00 -0.02 -0.01 -0.03 -0.02 +0.00 +0.04 +0.06 +0.04 +0.06 -0.01 +0.00 +0.00 -0.00 -0.01 +0.00 +0.00 -0.01 -0.01 -0.01 -0.01 -0.00 -0.01 +0.00 -0.00 -0.00 -0.01 -0.00 +0.00
  suffix-24 +0.03 +0.02 +0.01 -0.05 -0.04 +0.01 -0.00 -0.06 -0.08 +0.02 +0.10 +0.10 +0.08 +0.04 +0.05 +0.01 +0.01 -0.00 +0.01 -0.00 +0.01 +0.00 +0.01 -0.01 -0.00 +0.00 +0.00 -0.01 +0.00 -0.01 -0.00 +0.00
  suffix-23 +0.04 +0.03 +0.04 +0.05 +0.04 +0.08 +0.03 -0.01 +0.05 +0.04 +0.10 +0.06 +0.06 +0.07 +0.02 -0.00 -0.00 +0.00 +0.01 +0.00 +0.01 -0.00 +0.00 -0.00 +0.02 +0.00 -0.00 +0.00 -0.00 -0.00 +0.00 +0.00
  suffix-22 +0.03 +0.03 +0.00 +0.02 +0.02 +0.01 -0.02 -0.07 -0.08 -0.07 -0.01 -0.03 -0.05 -0.01 -0.04 -0.00 +0.01 +0.00 -0.01 +0.01 -0.00 -0.00 +0.00 +0.01 +0.00 +0.01 +0.00 -0.02 -0.00 +0.01 -0.00 +0.00
  suffix-21 -0.01 -0.02 -0.01 +0.01 +0.01 +0.01 +0.00 -0.04 -0.01 +0.01 +0.04 +0.00 -0.01 -0.00 +0.00 +0.00 +0.00 +0.00 +0.00 +0.00 +0.01 +0.01 -0.00 -0.00 +0.00 +0.00 -0.01 +0.00 +0.00 -0.00 -0.00 +0.00
  suffix-20 +0.02 +0.04 +0.04 +0.05 +0.04 +0.05 +0.06 +0.04 +0.06 +0.06 +0.08 +0.07 +0.08 +0.07 +0.03 -0.04 +0.05 +0.03 +0.00 -0.00 -0.00 +0.01 +0.01 +0.00 +0.02 +0.02 +0.00 +0.03 +0.01 -0.00 +0.00 +0.00
  suffix-19 -0.02 +0.05 +0.04 +0.03 -0.00 +0.05 +0.03 -0.01 -0.04 -0.04 +0.01 +0.04 +0.01 +0.04 -0.02 -0.02 +0.02 +0.04 +0.01 +0.03 +0.01 +0.01 +0.02 -0.00 +0.02 -0.00 +0.00 +0.01 -0.01 +0.02 +0.00 +0.00
  suffix-18 +0.03 +0.05 +0.03 +0.03 -0.01 +0.01 +0.06 +0.05 +0.04 +0.05 +0.04 +0.05 +0.06 +0.06 +0.01 +0.00 +0.03 +0.03 +0.02 +0.03 +0.00 +0.00 +0.01 +0.00 -0.01 +0.01 -0.00 +0.01 +0.00 -0.00 -0.00 +0.00
  suffix-17 +0.03 +0.03 +0.01 +0.02 +0.02 +0.04 +0.03 -0.02 -0.01 +0.04 +0.04 +0.03 +0.04 +0.03 +0.04 -0.02 -0.01 -0.01 -0.02 +0.03 -0.01 +0.02 +0.00 +0.01 +0.01 +0.00 -0.00 +0.03 +0.01 +0.02 -0.00 +0.00
  suffix-16 -0.02 +0.04 +0.04 -0.01 -0.02 +0.02 +0.04 -0.02 -0.00 -0.03 +0.01 +0.03 -0.02 +0.03 +0.04 -0.00 +0.01 -0.00 -0.01 +0.00 -0.01 -0.00 +0.01 +0.01 +0.00 -0.00 +0.01 +0.01 +0.01 -0.00 -0.00 +0.00
  suffix-15 +0.04 +0.04 +0.02 +0.04 +0.03 +0.03 -0.04 -0.04 +0.02 +0.03 +0.04 +0.03 +0.03 -0.01 +0.03 +0.03 +0.00 +0.01 +0.02 -0.02 -0.01 +0.00 +0.00 +0.01 +0.01 -0.00 +0.00 +0.02 +0.01 +0.00 -0.00 +0.00
  suffix-14 +0.01 +0.03 -0.00 -0.04 +0.01 -0.02 +0.02 -0.05 -0.03 -0.01 +0.04 +0.05 +0.00 +0.03 +0.04 -0.02 -0.01 +0.01 +0.00 +0.02 +0.00 -0.00 -0.00 +0.02 +0.02 -0.01 -0.01 +0.01 +0.02 +0.02 +0.00 +0.00
  suffix-13 +0.04 -0.02 +0.02 +0.03 +0.03 +0.04 +0.04 +0.05 +0.03 +0.01 +0.03 +0.03 +0.06 +0.07 +0.08 -0.01 -0.01 -0.01 +0.01 +0.01 +0.01 +0.01 -0.01 +0.01 +0.01 +0.01 +0.01 +0.02 +0.00 -0.00 -0.00 +0.00
  suffix-12 +0.01 +0.03 +0.04 +0.04 +0.06 +0.08 +0.02 +0.03 +0.02 +0.02 +0.03 +0.09 +0.05 +0.07 +0.06 +0.03 -0.02 +0.03 +0.03 +0.03 +0.02 +0.01 +0.00 -0.00 +0.01 +0.01 -0.00 +0.01 +0.01 +0.02 +0.00 +0.00
  suffix-11 +0.03 +0.03 +0.02 -0.03 +0.02 +0.03 +0.04 +0.03 -0.05 -0.01 -0.01 +0.08 +0.09 +0.13 +0.07 +0.03 +0.02 -0.00 +0.00 -0.01 -0.01 +0.00 -0.01 +0.00 +0.01 +0.01 +0.00 +0.00 -0.00 -0.00 +0.01 +0.00
  suffix-10 +0.04 +0.03 +0.02 -0.01 +0.00 +0.01 -0.01 -0.02 +0.01 -0.04 +0.04 +0.03 +0.02 +0.10 +0.01 +0.02 +0.02 +0.00 +0.03 +0.02 -0.00 -0.00 +0.00 +0.01 +0.00 +0.02 +0.01 +0.03 +0.00 -0.00 -0.00 +0.00
  suffix-9  +0.02 +0.03 +0.05 +0.03 +0.03 +0.09 +0.06 +0.06 +0.10 +0.10 +0.07 +0.03 -0.03 +0.04 +0.02 -0.00 -0.01 -0.03 +0.00 -0.02 +0.03 -0.00 +0.01 +0.00 +0.01 +0.01 +0.02 +0.01 +0.01 -0.00 -0.00 +0.00
  suffix-8  +0.02 +0.03 +0.04 +0.04 +0.04 +0.05 +0.08 +0.14 +0.15 +0.17 +0.16 +0.13 +0.26 +0.25 +0.21 +0.09 +0.07 +0.01 +0.06 +0.05 +0.05 +0.05 +0.03 +0.04 +0.03 +0.04 +0.01 +0.03 +0.01 +0.02 -0.00 +0.00
  suffix-7  +0.03 +0.03 +0.03 +0.02 +0.03 -0.02 -0.01 -0.03 +0.03 +0.08 +0.07 +0.00 +0.03 +0.11 +0.23 +0.07 +0.08 -0.01 +0.04 +0.02 +0.00 -0.01 -0.00 +0.00 +0.02 +0.01 +0.00 -0.00 +0.01 +0.00 +0.00 +0.00
  suffix-6  +0.03 +0.02 -0.02 +0.03 -0.01 +0.03 -0.02 +0.01 +0.00 +0.10 +0.14 +0.17 +0.34 +0.31 +0.19 +0.11 +0.07 +0.07 +0.07 +0.06 +0.07 +0.02 +0.02 +0.03 +0.01 +0.04 +0.02 +0.02 -0.01 +0.01 -0.00 +0.00
  suffix-5  +0.02 +0.01 +0.04 +0.02 +0.04 +0.02 +0.04 -0.03 +0.08 +0.06 +0.03 -0.01 +0.01 +0.02 +0.01 -0.03 -0.02 -0.01 -0.01 +0.02 +0.02 +0.01 -0.00 -0.01 +0.02 -0.02 +0.00 +0.01 +0.00 -0.00 +0.00 +0.00
  suffix-4  +0.02 +0.03 +0.02 +0.02 +0.00 +0.04 +0.01 -0.00 +0.00 -0.02 -0.01 +0.02 -0.05 +0.04 +0.16 +0.21 +0.12 +0.10 +0.10 +0.11 +0.11 +0.07 +0.05 +0.03 +0.04 +0.02 +0.01 -0.00 -0.00 +0.00 +0.00 +0.00
  suffix-3  +0.04 +0.04 +0.05 +0.03 +0.04 +0.07 -0.01 +0.02 -0.01 -0.01 -0.02 -0.02 +0.06 +0.16 +0.37 +0.39 +0.27 +0.09 +0.07 +0.06 +0.05 +0.02 +0.01 +0.02 +0.03 +0.04 +0.01 +0.03 +0.03 +0.01 +0.00 +0.00
  suffix-2  +0.04 +0.02 +0.04 +0.05 +0.05 +0.06 +0.06 +0.06 +0.03 +0.02 +0.04 +0.08 +0.14 +0.39 +0.29 +0.16 +0.11 -0.03 -0.02 -0.03 -0.02 -0.01 -0.02 -0.02 -0.03 -0.03 -0.03 -0.02 -0.03 -0.01 -0.00 +0.00
  suffix-1  +0.04 +0.04 +0.04 -0.02 -0.02 -0.04 +0.03 +0.09 +0.04 +0.02 +0.11 +0.22 +0.39 +0.65 +0.80 +0.91 +0.98 +0.99 +0.96 +0.97 +0.94 +0.92 +0.93 +0.50 +0.53 +0.32 +0.33 +0.33 +0.35 +0.02 +0.01 +0.00
  last      +0.02 -0.01 -0.03 -0.04 -0.03 -0.00 +0.01 +0.03 +0.02 +0.06 +0.08 +0.01 -0.01 +0.08 +0.15 +0.23 +0.38 +0.40 +0.55 +0.58 +0.57 +0.68 +0.70 +0.84 +0.83 +0.86 +0.86 +0.86 +0.87 +1.01 +0.97 +1.00
  prefix    +0.02 +0.03 +0.04 +0.03 +0.02 +0.03 +0.04 +0.03 +0.02 +0.04 -0.02 +0.03 -0.02 +0.04 +0.03 +0.04 +0.02 +0.02 +0.03 +0.04 +0.04 +0.00 +0.01 +0.02 -0.02 +0.03 -0.01 -0.00 +0.01 +0.00 -0.00 +0.00
  first layer with >=0.5 recovery: entity span 10, last token 18; entity peak 0.77 at L12

