Frequency-neuron causal test
unigram: /marimo/repo/results/unigram_logfreq_43be1456fdd4.npy

Weight-space freq_corr vs causal d_elogu slope across 55 candidates: Pearson r=0.173 (p=0.21), Spearman rho=0.076 (p=0.58)
|causal elogu slope| per sigma: FREQ-NEURON-LIKE (n=9) 0.0043 | other candidates (n=37) 0.0016 | random controls (n=10) 0.0012
sign agreement (weight score vs causal slope) among FREQ-NEURON-LIKE: 0.67

 neuron_id  is_candidate  freq_corr  abs_freq_corr_pctile  d_elogu_slope_per_sigma  d_elogu_slope_p  d_kl_slope_per_sigma  d_kl_slope_p  d_entropy_slope_per_sigma  d_elogu_mean_ablation  d_elogu_mean_ablation_p
 L30_N1457          True     0.4548                   100                  0.01309           0.0002            -0.0005079        0.6477                   -0.01259              -0.004616                   0.1378
 L31_N6772          True   -0.01393                  16.2                  0.01069           0.0002             -0.005775        0.0002                  -0.004917               0.006255                 0.007998
 L30_N1777          True    -0.4896                   100                -0.007734           0.0002              0.006412        0.0002                   0.001322              0.0009397                    0.778
 L31_N2477          True     0.4238                  99.9                -0.006944           0.0002             -0.006306        0.0002                    0.01325               0.005656                   0.1276
L31_N11541          True     0.2199                  98.6                -0.006113            0.002             -0.007277      0.006199                    0.01339               0.004812                   0.1452
 L28_N5085          True    -0.1831                  96.3                 0.005217           0.0002             -0.002214       0.07079                  -0.003003               0.006214                  0.06819
L29_N11308          True    0.08235                  69.9                 0.004985           0.0002             -0.002256     0.0009998                  -0.002729               0.002518                   0.3763
 L29_N5866          True     0.2294                  98.9                 0.004417        0.0007998             -0.005854        0.0002                   0.001437              -0.003052                   0.3589
 L22_N3582         False        NaN                   NaN                -0.003656        0.0003999             0.0009794        0.3813                   0.002677             -0.0006959                    0.801
L29_N10877          True    0.07306                  65.5                 0.003475        0.0003999             -0.001233        0.1414                  -0.002243              -0.002272                   0.4667
L31_N14143          True    -0.2535                  99.2                -0.003358           0.0002              0.001629      0.005199                   0.001728               0.005477                0.0003999
 L22_N2446          True    -0.1596                  94.2                -0.003039        0.0003999              0.001935        0.0156                   0.001104              -0.000644                   0.8564
 L31_N5966          True    -0.4047                  99.9                 0.003003           0.0002             -0.001724         0.014                   -0.00128              5.705e-05                   0.9824
L26_N11322          True     0.1778                  95.4                  0.00271         0.005199            -0.0005839        0.5399                  -0.002127              0.0002289                   0.9424
  L20_N488         False        NaN                   NaN                 0.002603           0.0012             -0.002256      0.005399                 -0.0003467              0.0006918                   0.8218
L29_N10191          True     0.1552                  93.7                 0.002581         0.005599             -0.002758        0.0012                   0.000178              -0.002337                   0.4833
L30_N13647          True     0.1983                  97.4                -0.002462           0.0002              0.002152        0.0002                  0.0003107               0.001176                   0.6017
 L20_N2742          True      0.117                  83.7                 0.002132           0.0172             -0.000942        0.3005                   -0.00119               0.001943                   0.5649
 L31_N3330          True    -0.4658                   100                 0.002035         0.009798             -0.003115        0.0002                    0.00108             -0.0007039                   0.7107
 L29_N2646          True    0.08801                  72.3                -0.002006         0.007998              0.002561     0.0003999                 -0.0005556              -0.001947                   0.3945
L30_N11103          True   -0.02037                  22.2                 0.001961         0.003599             -0.001279       0.05199                  -0.000682               0.001253                   0.5595
L28_N11622          True    0.06427                  61.2                 0.001957          0.02919             -0.001148         0.211                  -0.000809               0.002787                   0.3353
 L29_N9228          True      0.192                  96.9                -0.001904          0.09778             -0.002921        0.0142                   0.004824              0.0004184                    0.894
 L31_N4425          True  -0.006453                   8.2                -0.001876           0.0126               0.00221      0.008598                  -0.000334              -0.001237                   0.6267
L29_N12400          True    -0.1679                  94.9                 0.001842          0.07379            -0.0002979        0.8082                  -0.001544              0.0004237                   0.9012
 L30_N3533          True    0.05596                  54.3                 0.001782          0.04299             -0.001036        0.2609                 -0.0007465               -0.00271                   0.3011
L20_N12894          True   0.006331                   8.2                 0.001771          0.06859            -0.0005265        0.5845                  -0.001244             -0.0006395                   0.8416
 L26_N8053          True   -0.02464                  25.9                -0.001687           0.0206             0.0004181        0.5899                   0.001269               0.001319                   0.5937
 L20_N1001          True   -0.02118                  23.2                -0.001656          0.05479             0.0008861        0.3997                  0.0007701              0.0001279                    0.973
 L29_N3447          True    0.05839                  56.1                 -0.00158          0.02779             0.0001483        0.7832                   0.001432                0.00383                   0.1392
  L31_N434         False        NaN                   NaN                 0.001564           0.0112            -0.0008395        0.2761                 -0.0007249                0.00128                   0.4567
L29_N13925          True   -0.09583                    76                -0.001557          0.04719             0.0006342        0.3757                  0.0009231               0.004031                   0.1938
L30_N13513          True   -0.02052                  22.4                 0.001423          0.03259             -0.001093       0.08418                 -0.0003299               0.001518                   0.4535
 L30_N6621          True   -0.06205                  58.9                 0.001403           0.1654              -0.00309        0.0014                   0.001687               0.003679                   0.1916
L22_N11087         False        NaN                   NaN                 0.001374          0.09098            -0.0007025        0.4525                 -0.0006719               0.003889                    0.238
 L20_N4060          True    -0.1686                    95                 0.001333            0.183              0.001516        0.1724                  -0.002849              0.0007392                   0.8468
L29_N11791          True     -0.206                  97.9                -0.001309           0.2044            -0.0001352        0.8954                   0.001444               0.002185                   0.4927
  L29_N578          True    0.07939                  68.4                 0.001303           0.1558            -0.0003357        0.7373                 -0.0009669                0.00369                   0.3053
  L31_N368          True   0.006299                   8.1                -0.001256          0.06699             0.0006841        0.3727                  0.0005721               0.002388                   0.1934
 L20_N5595          True      0.159                  94.2                -0.001144           0.2803             -0.001187        0.2709                   0.002332             -5.651e-05                   0.9866
 L20_N1399          True    0.04082                  41.3                 0.001117           0.1494            -0.0006011        0.3895                 -0.0005154             -0.0004135                   0.9098
L29_N11909          True    -0.5412                   100                -0.001037           0.4211              0.006122     0.0003999                  -0.005085               0.001888                   0.5367
 L29_N8568          True     0.1314                  88.1               -0.0009739           0.2256              0.001024        0.2314                  -4.96e-05               0.003208                   0.1838
 L24_N8279         False        NaN                   NaN                0.0008873             0.24             -0.001109        0.1988                  0.0002221               0.002743                   0.1706
 L26_N2788          True    -0.1063                  80.2                0.0008341           0.3455             0.0006925        0.4591                  -0.001527              0.0008232                   0.8132
L23_N12156          True   -0.02103                  23.1                0.0007847           0.3427            -0.0008495        0.2773                   6.48e-05             -0.0004993                    0.857
 L24_N7891          True     0.1308                    88                0.0006969           0.4789            -0.0003333        0.7465                 -0.0003636              0.0003447                   0.9188
 L30_N7102          True    -0.2972                  99.5               -0.0006775           0.2408             0.0005188        0.2755                  0.0001586              -0.001607                   0.5725
L30_N10312          True   -0.09759                  76.5               -0.0006465           0.2821             0.0005076        0.3329                   0.000139               0.002008                   0.4719
L30_N13098          True    -0.1433                  91.9               -0.0005852           0.4043             0.0005626        0.4421                   2.26e-05               0.001245                   0.6491
 L31_N7853          True   -0.01441                  16.6               -0.0005569           0.3525             0.0008688        0.1652                 -0.0003118               0.002868                   0.1258
L29_N10092          True    -0.4098                  99.9                -0.000522           0.4533              0.001218       0.05099                  -0.000696              0.0004844                    0.871
 L20_N4769          True     0.1246                  86.5               -0.0004057           0.6305             3.749e-05        0.9634                  0.0003682             -7.296e-05                   0.9838
 L30_N1424         False        NaN                   NaN               -0.0003406           0.5251             2.489e-05        0.9536                  0.0003157               0.001221                   0.6435
  L22_N409         False        NaN                   NaN                -0.000335           0.6477             9.733e-05        0.8616                  0.0002377               0.003542                   0.3021
 L24_N2286         False        NaN                   NaN                -0.000322           0.6619            -0.0003095        0.7287                  0.0006314             -0.0009802                   0.7127
 L31_N6912         False        NaN                   NaN                0.0003009           0.6027            -0.0005789        0.4433                  0.0002781               0.002671                   0.2176
 L26_N4012         False        NaN                   NaN                 0.000291           0.6981            -0.0001206         0.846                 -0.0001703             -0.0002888                   0.9278
 L29_N6625          True      0.193                  96.9               -0.0002655           0.7738             -0.001026        0.3243                   0.001292             -0.0003127                    0.909
 L30_N5509          True     0.1505                  93.1                0.0001581           0.8694             -0.001874       0.05459                   0.001716               0.003276                   0.2681
L28_N14222          True    0.02774                  29.5               -0.0001111            0.907            -6.401e-05        0.9444                  0.0001751               0.003097                    0.235
   L27_N45          True    -0.1427                  91.9               -4.048e-05           0.9652             -0.002314      0.006599                   0.002354             -0.0009143                   0.7223
 L29_N4718          True    -0.1289                  87.5                3.079e-05           0.9704            -9.397e-06        0.9916                 -2.138e-05               0.002236                   0.4245
L23_N12855          True     0.0126                  14.9               -2.396e-05           0.9734            -0.0005902        0.3881                  0.0006141               0.003247                   0.3605
  L31_N377          True    0.03517                  35.9                -2.59e-06           0.9968             0.0002684        0.5943                 -0.0002657                0.00219                   0.3225
