Position x layer map -- familiarity_v3; 60 pairs; layers 0-31

[control_to_uncertain] mean log-odds recovery by group (rows) x layer (cols):
  entity    +0.43 +0.67 +0.74 +0.86 +0.89 +0.92 +0.79 +0.64 +0.18 +0.05 +0.01 -0.03 -0.04 -0.05 -0.05 -0.06 -0.12 -0.13 -0.09 -0.02 +0.03 +0.02 +0.02 -0.01 -0.01 +0.00 +0.00 -0.00 +0.01 +0.00 +0.00 +0.00
  suffix-8  +0.01 +0.02 +0.03 +0.04 +0.05 +0.05 +0.05 +0.10 +0.31 +0.27 +0.27 +0.25 +0.08 +0.01 -0.03 -0.03 -0.03 -0.02 -0.03 -0.02 -0.02 -0.02 -0.03 -0.02 -0.02 -0.01 -0.01 -0.01 -0.01 -0.01 +0.01 +0.00
  suffix-7  +0.01 -0.01 +0.01 +0.01 +0.04 +0.03 +0.03 +0.03 +0.05 +0.03 +0.00 +0.00 +0.05 -0.00 +0.00 -0.01 -0.00 -0.01 +0.00 -0.00 +0.00 +0.00 +0.00 +0.00 +0.00 +0.01 +0.00 +0.00 -0.00 +0.01 -0.00 +0.00
  suffix-6  -0.00 -0.01 -0.01 +0.02 -0.02 +0.02 -0.02 -0.04 -0.02 +0.00 -0.01 -0.02 -0.02 -0.06 -0.05 -0.02 -0.02 -0.03 +0.01 +0.01 +0.02 +0.02 +0.03 +0.03 +0.03 +0.03 +0.02 +0.03 +0.04 +0.03 -0.00 +0.00
  suffix-5  -0.01 -0.01 -0.01 -0.02 -0.02 -0.02 -0.03 -0.02 -0.01 -0.02 -0.03 -0.02 -0.01 -0.00 -0.02 -0.01 +0.01 +0.00 -0.00 +0.00 +0.01 +0.00 +0.00 +0.01 +0.00 +0.00 +0.01 +0.00 +0.02 +0.01 +0.02 +0.00
  suffix-4  -0.01 +0.00 -0.01 -0.01 -0.01 -0.01 -0.00 -0.02 -0.02 -0.00 +0.01 +0.02 +0.01 +0.01 +0.02 +0.04 +0.03 +0.03 +0.03 +0.02 +0.03 +0.03 +0.02 +0.03 +0.03 +0.03 +0.03 +0.03 +0.02 +0.03 +0.03 +0.00
  suffix-3  -0.01 +0.02 -0.01 +0.01 +0.02 +0.02 +0.01 +0.02 +0.02 +0.03 +0.07 +0.07 +0.12 +0.15 +0.11 +0.13 +0.10 +0.05 +0.00 -0.00 -0.01 -0.02 -0.02 -0.02 -0.02 -0.02 -0.01 -0.01 -0.01 +0.01 +0.02 +0.00
  suffix-2  -0.01 -0.00 +0.01 -0.01 -0.00 +0.00 -0.01 -0.01 -0.01 -0.00 +0.01 +0.04 +0.03 +0.02 -0.01 -0.02 -0.02 -0.01 -0.03 -0.02 -0.02 -0.04 -0.03 -0.02 -0.02 -0.01 -0.01 -0.01 -0.00 +0.01 +0.00 +0.00
  suffix-1  -0.00 -0.02 -0.01 -0.02 -0.03 -0.03 -0.02 -0.02 -0.01 -0.00 +0.01 +0.03 +0.06 +0.11 +0.21 +0.26 +0.34 +0.40 +0.41 +0.40 +0.40 +0.34 +0.33 +0.27 +0.29 +0.23 +0.21 +0.22 +0.23 +0.12 +0.12 +0.00
  last      +0.00 +0.00 +0.01 +0.01 +0.01 +0.01 +0.01 +0.04 +0.03 +0.04 +0.03 -0.02 -0.05 -0.04 -0.05 -0.00 +0.06 +0.12 +0.14 +0.16 +0.18 +0.32 +0.35 +0.46 +0.45 +0.52 +0.54 +0.53 +0.55 +0.74 +0.78 +1.00
  prefix    -0.00 -0.00 -0.00 -0.00 -0.00 -0.00 -0.00 +0.00 +0.00 -0.00 -0.00 -0.00 -0.00 -0.00 -0.00 -0.00 -0.00 -0.00 -0.00 -0.00 -0.00 -0.00 -0.00 -0.00 -0.00 +0.00 -0.00 +0.00 -0.00 -0.00 +0.00 +0.00
  first layer with >=0.5 recovery: entity span 1, last token 25; entity peak 0.92 at L5

[uncertain_to_control] mean log-odds recovery by group (rows) x layer (cols):
  entity    +0.98 +1.00 +1.01 +0.97 +0.92 +0.91 +0.90 +0.89 +0.47 +0.39 +0.31 +0.19 +0.12 +0.04 +0.02 +0.03 +0.01 +0.01 +0.04 +0.03 +0.04 +0.01 -0.01 -0.02 -0.01 -0.02 +0.01 +0.00 +0.00 +0.00 +0.00 +0.00
  suffix-8  +0.00 +0.01 -0.00 -0.01 +0.02 +0.02 +0.09 +0.20 +0.41 +0.51 +0.49 +0.49 +0.19 +0.09 +0.02 +0.01 -0.00 -0.01 -0.00 -0.01 +0.01 -0.01 -0.00 -0.01 +0.00 -0.00 -0.00 -0.00 +0.00 +0.00 +0.00 +0.00
  suffix-7  -0.01 +0.00 +0.00 -0.02 -0.00 +0.00 +0.01 -0.02 -0.00 -0.01 +0.01 +0.04 +0.12 +0.05 +0.04 +0.00 -0.01 +0.00 -0.00 +0.00 +0.01 -0.00 -0.01 -0.00 +0.00 +0.00 -0.00 -0.00 -0.00 +0.00 -0.00 +0.00
  suffix-6  +0.00 +0.02 +0.01 -0.02 +0.01 +0.03 +0.03 +0.05 +0.17 +0.23 +0.19 +0.15 +0.12 +0.09 +0.06 +0.05 +0.03 +0.02 +0.02 +0.01 +0.03 +0.01 +0.01 +0.02 +0.02 +0.02 -0.00 +0.01 +0.00 +0.02 -0.00 +0.00
  suffix-5  +0.00 -0.00 -0.00 -0.02 -0.02 -0.03 -0.02 -0.02 -0.01 -0.02 -0.01 -0.02 +0.00 +0.03 +0.04 +0.03 +0.02 +0.02 +0.01 +0.03 +0.03 +0.03 +0.02 +0.03 +0.03 +0.02 +0.02 +0.02 +0.02 +0.02 +0.02 +0.00
  suffix-4  +0.01 +0.00 +0.01 +0.01 -0.01 -0.01 -0.01 -0.00 -0.01 -0.01 -0.01 -0.01 +0.01 +0.05 +0.08 +0.11 +0.10 +0.08 +0.09 +0.07 +0.07 +0.07 +0.05 +0.05 +0.05 +0.05 +0.03 +0.04 +0.04 +0.03 +0.02 +0.00
  suffix-3  +0.01 -0.01 +0.00 -0.00 -0.00 +0.02 +0.01 +0.00 +0.02 +0.03 +0.01 +0.00 +0.04 +0.15 +0.27 +0.39 +0.25 +0.08 +0.03 +0.04 +0.03 +0.03 +0.02 +0.01 +0.02 +0.02 +0.02 +0.02 +0.03 +0.01 +0.01 +0.00
  suffix-2  +0.01 +0.01 +0.01 +0.00 +0.00 +0.01 +0.00 -0.00 -0.01 -0.00 -0.00 +0.00 +0.00 -0.01 -0.02 -0.01 -0.01 -0.02 -0.02 -0.03 -0.03 -0.03 -0.03 -0.02 -0.02 -0.01 -0.02 -0.01 +0.00 +0.01 +0.01 +0.00
  suffix-1  -0.01 +0.01 +0.00 -0.02 -0.02 -0.03 -0.02 -0.02 -0.03 -0.03 -0.03 -0.04 -0.00 +0.19 +0.38 +0.73 +0.79 +0.82 +0.82 +0.80 +0.77 +0.62 +0.62 +0.48 +0.48 +0.41 +0.38 +0.39 +0.38 +0.18 +0.17 +0.00
  last      -0.00 -0.00 +0.01 -0.01 -0.01 -0.01 -0.01 -0.01 -0.02 -0.01 -0.04 -0.04 -0.04 +0.02 +0.07 +0.32 +0.45 +0.55 +0.53 +0.51 +0.46 +0.57 +0.59 +0.65 +0.62 +0.62 +0.66 +0.66 +0.66 +0.78 +0.80 +1.00
  prefix    +0.00 -0.00 +0.00 +0.00 -0.00 -0.00 +0.00 +0.00 +0.00 +0.00 -0.00 +0.00 +0.00 -0.00 -0.00 -0.00 -0.00 -0.00 -0.00 -0.00 -0.00 -0.00 -0.00 -0.00 -0.00 -0.00 -0.00 -0.00 +0.00 -0.00 -0.00 +0.00
  first layer with >=0.5 recovery: entity span 0, last token 17; entity peak 1.01 at L2

