Position x layer map -- familiarity; 60 pairs; layers 0-31

[control_to_uncertain] mean log-odds recovery by group (rows) x layer (cols):
  entity    +0.46 +0.60 +0.61 +0.66 +0.64 +0.63 +0.55 +0.42 +0.20 +0.06 +0.04 +0.04 -0.00 +0.00 -0.02 -0.03 -0.02 -0.01 +0.02 +0.02 +0.02 +0.00 -0.01 -0.01 -0.01 -0.01 -0.01 -0.01 -0.02 -0.02 -0.02 +0.00
  suffix-11 +0.04 +0.05 +0.00 +0.03 +0.07 +0.09 +0.05 +0.08 +0.10 +0.08 +0.08 +0.11 +0.06 +0.05 +0.01 +0.01 +0.00 +0.00 -0.00 +0.00 -0.00 -0.00 -0.00 +0.00 -0.00 -0.00 -0.00 -0.00 +0.00 -0.00 +0.00 +0.00
  suffix-10 +0.00 -0.01 -0.02 -0.03 -0.03 -0.05 -0.00 -0.05 -0.08 -0.03 -0.02 +0.02 -0.00 -0.03 -0.03 +0.00 -0.00 -0.01 -0.01 -0.01 -0.01 -0.01 -0.00 -0.01 -0.00 -0.00 -0.00 -0.00 -0.00 -0.00 -0.00 +0.00
  suffix-9  +0.00 +0.02 +0.03 +0.01 +0.03 +0.00 +0.01 -0.00 -0.04 -0.03 -0.01 +0.03 +0.06 +0.06 +0.09 +0.04 +0.04 +0.01 +0.01 +0.00 +0.00 +0.00 +0.00 -0.00 +0.00 -0.00 -0.00 -0.00 +0.00 -0.00 +0.00 +0.00
  suffix-8  +0.05 +0.00 -0.01 +0.02 +0.01 +0.06 +0.12 +0.21 +0.27 +0.24 +0.19 +0.21 +0.12 +0.10 +0.07 -0.02 +0.02 -0.02 -0.02 -0.02 -0.02 -0.02 -0.02 -0.02 -0.02 -0.02 -0.02 -0.02 -0.01 -0.01 -0.00 +0.00
  suffix-7  +0.01 +0.04 +0.03 +0.00 +0.04 +0.04 +0.02 +0.02 +0.01 -0.05 -0.04 -0.05 +0.05 +0.04 +0.03 +0.01 -0.01 -0.01 -0.01 -0.01 -0.01 -0.01 -0.02 -0.01 -0.02 -0.02 -0.02 -0.02 -0.01 -0.01 -0.00 +0.00
  suffix-6  -0.00 +0.04 +0.01 -0.03 -0.03 -0.04 -0.04 -0.02 +0.01 +0.02 +0.02 +0.04 +0.02 +0.08 +0.09 +0.04 -0.03 -0.02 -0.02 -0.02 -0.02 -0.01 -0.01 -0.01 -0.01 -0.01 -0.01 -0.02 -0.03 -0.03 -0.00 +0.00
  suffix-5  +0.00 -0.01 -0.01 +0.03 +0.01 -0.01 +0.01 +0.04 +0.04 +0.03 +0.03 +0.03 +0.03 +0.04 +0.04 +0.03 +0.03 -0.02 +0.03 +0.00 +0.01 +0.03 +0.03 +0.03 +0.03 +0.03 +0.03 +0.03 +0.03 -0.00 -0.01 +0.00
  suffix-4  +0.03 +0.03 -0.02 -0.02 -0.02 +0.04 +0.01 +0.04 -0.01 -0.02 +0.04 +0.05 +0.04 +0.05 +0.05 +0.05 +0.05 +0.05 +0.05 +0.05 +0.06 +0.06 +0.05 +0.05 +0.05 +0.05 +0.05 +0.05 +0.04 +0.05 +0.04 +0.00
  suffix-3  +0.01 +0.03 +0.03 +0.03 +0.03 +0.04 +0.03 +0.03 +0.04 +0.05 +0.04 +0.04 +0.07 +0.13 +0.14 +0.18 +0.13 +0.07 +0.04 +0.03 +0.03 +0.02 +0.02 +0.02 +0.02 +0.02 +0.02 +0.03 +0.03 +0.05 +0.05 +0.00
  suffix-2  -0.01 +0.04 -0.01 -0.02 -0.01 -0.01 -0.00 +0.00 +0.04 +0.02 +0.05 +0.05 +0.05 +0.04 +0.05 +0.04 -0.00 -0.00 -0.01 -0.01 -0.01 -0.02 -0.02 -0.02 -0.02 -0.02 -0.03 -0.03 -0.03 -0.02 -0.00 +0.00
  suffix-1  +0.03 +0.03 +0.03 +0.03 +0.02 +0.03 +0.03 +0.03 +0.03 +0.02 +0.04 +0.04 +0.04 +0.08 +0.15 +0.25 +0.31 +0.38 +0.37 +0.37 +0.35 +0.28 +0.28 +0.23 +0.24 +0.23 +0.20 +0.20 +0.21 +0.13 +0.13 +0.00
  last      -0.01 -0.01 -0.00 -0.01 -0.01 -0.01 -0.01 -0.03 -0.02 -0.03 -0.03 -0.04 -0.04 -0.03 -0.01 +0.05 +0.08 +0.12 +0.13 +0.15 +0.19 +0.34 +0.36 +0.48 +0.47 +0.53 +0.55 +0.55 +0.58 +0.74 +0.76 +1.00
  prefix    -0.00 +0.00 +0.00 -0.00 -0.00 -0.00 -0.00 +0.00 -0.00 +0.00 +0.00 -0.00 -0.00 -0.00 -0.00 +0.00 -0.00 -0.00 -0.00 -0.00 -0.00 +0.00 -0.00 -0.00 -0.00 +0.00 -0.00 -0.00 -0.00 -0.00 +0.00 +0.00
  first layer with >=0.5 recovery: entity span 1, last token 25; entity peak 0.66 at L3

[uncertain_to_control] mean log-odds recovery by group (rows) x layer (cols):
  entity    +1.00 +1.05 +0.98 +0.98 +0.98 +0.98 +0.86 +0.83 +0.59 +0.48 +0.40 +0.25 +0.14 +0.06 +0.00 +0.02 +0.03 +0.01 +0.03 -0.03 -0.00 -0.01 +0.01 +0.01 +0.02 -0.03 +0.02 +0.03 -0.00 -0.00 +0.03 +0.00
  suffix-11 +0.07 +0.01 +0.05 +0.08 -0.00 -0.01 -0.04 -0.00 +0.07 +0.09 +0.08 +0.04 +0.01 +0.02 +0.00 +0.02 -0.00 +0.00 -0.01 -0.00 -0.00 -0.00 -0.00 +0.00 -0.00 +0.00 -0.00 -0.00 -0.00 -0.01 -0.01 +0.00
  suffix-10 +0.01 +0.05 +0.06 +0.10 +0.19 +0.09 +0.22 +0.28 +0.19 +0.23 +0.16 +0.20 +0.12 +0.02 +0.05 +0.01 -0.00 -0.00 -0.01 -0.00 -0.00 -0.01 -0.01 -0.01 -0.00 +0.00 -0.00 -0.01 +0.00 +0.00 -0.01 +0.00
  suffix-9  -0.00 -0.07 -0.03 +0.01 +0.08 +0.09 +0.10 +0.14 +0.12 +0.11 +0.04 +0.01 -0.05 -0.04 -0.06 -0.01 +0.00 -0.00 -0.01 -0.01 -0.01 -0.01 -0.01 -0.01 -0.02 -0.01 -0.01 -0.00 -0.00 -0.00 -0.01 +0.00
  suffix-8  +0.04 +0.05 +0.00 +0.06 +0.08 +0.09 +0.14 +0.19 +0.33 +0.43 +0.42 +0.40 +0.23 +0.14 +0.11 +0.05 +0.03 +0.03 +0.03 +0.04 +0.03 +0.03 +0.03 +0.03 +0.03 +0.03 +0.03 +0.03 +0.01 +0.01 -0.00 +0.00
  suffix-7  +0.03 +0.03 +0.03 +0.03 +0.04 +0.04 +0.04 +0.04 -0.00 -0.00 +0.02 +0.03 +0.17 +0.11 +0.10 +0.02 +0.01 -0.02 -0.01 +0.00 +0.00 +0.03 +0.00 -0.00 -0.00 -0.00 -0.02 -0.02 -0.00 +0.03 -0.00 +0.00
  suffix-6  +0.03 +0.03 +0.03 +0.06 +0.08 +0.09 +0.13 +0.18 +0.22 +0.25 +0.23 +0.19 +0.21 +0.16 +0.14 +0.09 +0.07 +0.07 +0.07 +0.07 +0.07 +0.06 +0.06 +0.06 +0.05 +0.06 +0.04 -0.01 +0.04 +0.04 -0.01 +0.00
  suffix-5  +0.03 +0.03 +0.03 +0.03 +0.03 +0.03 +0.03 +0.03 +0.04 +0.04 +0.05 +0.05 +0.06 +0.08 +0.10 +0.07 +0.06 +0.04 +0.05 +0.04 +0.04 +0.04 +0.04 -0.01 +0.04 +0.04 +0.03 -0.02 +0.04 +0.04 +0.00 +0.00
  suffix-4  +0.03 -0.02 +0.03 +0.03 +0.03 +0.03 -0.02 -0.02 -0.02 +0.03 -0.02 +0.03 +0.00 +0.11 +0.12 +0.15 +0.13 +0.12 +0.12 +0.12 +0.11 +0.10 +0.07 +0.07 +0.08 +0.08 +0.07 +0.07 +0.05 +0.05 +0.05 +0.00
  suffix-3  +0.00 -0.00 -0.02 +0.03 +0.03 -0.02 +0.04 +0.03 +0.03 +0.04 -0.02 -0.02 +0.02 +0.17 +0.26 +0.40 +0.29 +0.13 +0.11 +0.11 +0.11 +0.08 +0.06 +0.06 +0.06 +0.07 +0.07 +0.07 +0.06 +0.06 +0.06 +0.00
  suffix-2  -0.02 -0.01 -0.02 +0.03 -0.02 -0.00 -0.02 +0.02 +0.02 +0.02 +0.02 -0.03 -0.03 -0.03 -0.02 +0.00 +0.05 +0.04 -0.01 -0.01 -0.01 -0.02 +0.03 +0.03 +0.04 +0.00 +0.03 -0.01 +0.01 +0.04 +0.00 +0.00
  suffix-1  +0.03 +0.03 +0.03 +0.03 -0.02 +0.02 -0.03 +0.02 -0.04 -0.04 -0.05 -0.05 -0.03 +0.12 +0.31 +0.58 +0.71 +0.78 +0.79 +0.77 +0.74 +0.61 +0.60 +0.46 +0.46 +0.40 +0.38 +0.39 +0.38 +0.20 +0.20 +0.00
  last      +0.03 +0.03 +0.03 +0.04 +0.04 +0.04 +0.04 +0.04 +0.04 +0.00 -0.01 -0.05 +0.05 +0.06 +0.14 +0.38 +0.48 +0.51 +0.47 +0.47 +0.48 +0.62 +0.64 +0.70 +0.68 +0.69 +0.72 +0.73 +0.74 +0.86 +0.83 +1.00
  prefix    +0.00 +0.00 +0.00 +0.00 +0.00 +0.00 +0.00 +0.00 +0.00 +0.00 +0.00 +0.00 +0.00 +0.00 +0.00 -0.00 +0.00 -0.00 -0.00 -0.00 -0.00 -0.00 -0.00 +0.00 -0.00 +0.00 -0.00 -0.00 +0.00 -0.00 +0.00 +0.00
  first layer with >=0.5 recovery: entity span 0, last token 17; entity peak 1.05 at L1

