Position x layer map -- uu_hedge_confab_v3; 53 pairs; layers 0-31

[control_to_uncertain] mean log-odds recovery by group (rows) x layer (cols):
  entity    +0.40 +0.56 +0.66 +0.67 +0.52 +0.46 +0.37 +0.28 +0.22 +0.13 +0.14 +0.11 +0.10 +0.06 +0.05 +0.03 +0.05 +0.05 +0.01 +0.08 +0.07 +0.09 +0.01 +0.03 +0.03 +0.02 +0.03 +0.02 +0.03 +0.02 +0.01 +0.00
  suffix-11 +0.79 +1.21 +1.05 +0.89 +0.72 +0.69 +0.71 +0.20 -0.91 -0.98 -0.95 -0.77 -0.68 -0.54 -0.58 -0.23 +0.05 +0.16 +0.10 -0.11 +0.11 +0.09 +0.14 -0.00 -0.11 -0.04 -0.04 -0.01 -0.04 -0.04 +0.00 +0.00
  suffix-10 +0.07 +0.21 +0.27 +0.43 +0.34 +0.34 +0.58 +0.56 +0.57 +0.61 +0.66 +0.68 +0.71 +0.73 +0.66 +0.16 -0.05 +0.04 +0.05 -0.03 +0.09 +0.15 +0.01 +0.07 +0.11 +0.11 +0.11 +0.13 +0.15 +0.15 +0.01 +0.00
  suffix-9  +0.26 +0.44 +0.42 +0.45 +0.17 +0.55 +0.54 +0.46 +0.31 +0.33 +0.45 +0.55 +0.47 +0.26 +0.19 +0.23 +0.11 +0.06 +0.16 +0.07 +0.14 +0.07 +0.11 -0.02 +0.07 -0.01 -0.03 +0.03 +0.10 +0.07 +0.01 +0.00
  suffix-8  -0.03 -0.03 -0.03 -0.02 +0.13 +0.13 +0.15 +0.22 +0.33 +0.35 +0.36 +0.36 +0.26 +0.21 +0.11 -0.00 +0.02 +0.03 -0.04 -0.02 -0.03 -0.02 -0.03 -0.02 -0.04 -0.03 -0.02 -0.03 -0.01 -0.00 -0.01 +0.00
  suffix-7  -0.03 -0.00 +0.01 +0.02 +0.05 +0.10 +0.04 -0.00 +0.04 -0.02 -0.04 -0.01 +0.10 +0.07 +0.08 +0.01 -0.00 -0.00 +0.02 -0.00 +0.03 +0.01 +0.02 -0.00 -0.02 -0.01 -0.00 -0.02 +0.00 -0.01 +0.00 +0.00
  suffix-6  -0.01 +0.01 -0.05 +0.03 -0.02 -0.04 -0.02 -0.01 +0.06 +0.06 +0.00 +0.02 -0.00 +0.06 +0.05 -0.04 -0.03 -0.05 -0.03 -0.03 -0.02 -0.02 -0.03 -0.02 -0.01 -0.02 -0.01 -0.02 +0.00 -0.00 -0.01 +0.00
  suffix-5  -0.02 -0.03 +0.03 -0.04 -0.02 -0.04 -0.02 -0.01 -0.01 -0.00 -0.02 -0.05 -0.01 -0.01 +0.05 -0.01 -0.05 -0.04 -0.04 -0.04 -0.02 -0.02 -0.02 -0.03 -0.00 -0.03 -0.03 -0.03 -0.04 -0.02 -0.02 +0.00
  suffix-4  -0.01 +0.01 -0.01 +0.01 -0.01 -0.01 -0.02 +0.01 +0.00 +0.04 +0.05 +0.03 +0.02 +0.07 +0.02 -0.06 -0.10 -0.10 -0.09 -0.07 -0.06 -0.04 -0.06 -0.04 -0.04 -0.07 -0.03 -0.05 -0.05 -0.05 -0.02 +0.00
  suffix-3  +0.00 -0.01 +0.02 +0.02 +0.04 +0.03 +0.08 +0.04 +0.01 +0.01 +0.06 -0.04 +0.05 +0.08 +0.10 +0.15 +0.04 +0.02 -0.05 -0.03 -0.02 -0.03 -0.05 -0.03 -0.04 -0.02 -0.03 -0.02 -0.03 +0.02 +0.06 +0.00
  suffix-2  -0.03 +0.01 -0.00 -0.03 -0.02 -0.02 +0.00 +0.02 +0.03 +0.05 +0.03 +0.03 +0.02 +0.02 -0.01 -0.02 +0.00 -0.04 -0.03 -0.03 -0.03 -0.04 -0.02 -0.00 -0.02 -0.03 -0.03 -0.04 -0.03 -0.04 -0.02 +0.00
  suffix-1  +0.02 +0.03 -0.03 -0.03 -0.03 -0.02 -0.04 -0.03 -0.01 -0.04 +0.06 +0.07 +0.04 +0.14 +0.11 +0.16 +0.19 +0.24 +0.25 +0.21 +0.16 +0.04 +0.06 +0.04 +0.03 +0.07 +0.05 +0.05 +0.08 +0.18 +0.21 +0.00
  last      -0.01 +0.00 +0.04 +0.01 +0.00 +0.00 -0.01 -0.01 -0.00 -0.00 +0.04 -0.00 -0.05 +0.00 +0.09 +0.28 +0.34 +0.46 +0.55 +0.56 +0.59 +0.75 +0.76 +0.82 +0.79 +0.79 +0.81 +0.79 +0.81 +0.78 +0.74 +1.00
  prefix    -0.02 -0.02 -0.02 +0.00 -0.02 -0.02 -0.02 -0.02 -0.02 -0.02 -0.02 -0.02 -0.02 -0.02 -0.02 -0.00 -0.02 -0.02 +0.00 -0.00 -0.02 -0.02 -0.02 -0.02 -0.00 -0.00 -0.00 -0.00 -0.02 -0.02 -0.00 +0.00
  first layer with >=0.5 recovery: entity span 1, last token 18; entity peak 0.67 at L3

[uncertain_to_control] mean log-odds recovery by group (rows) x layer (cols):
  entity    +0.87 +1.00 +0.94 +1.02 +0.94 +0.95 +0.97 +0.89 +0.67 +0.65 +0.62 +0.51 +0.43 +0.23 +0.26 +0.19 +0.10 +0.09 +0.07 +0.04 +0.04 +0.04 +0.03 -0.02 +0.01 -0.01 +0.01 +0.01 +0.02 +0.02 +0.00 +0.00
  suffix-11 +0.81 +0.78 +0.92 +0.05 +0.07 -0.20 +0.19 -0.58 -0.58 -0.82 -0.21 -0.19 +0.17 +0.31 -0.15 -0.07 +0.05 -0.04 -0.02 -0.03 -0.01 +0.00 -0.03 +0.02 -0.05 -0.19 -0.03 -0.02 -0.01 -0.03 +0.02 +0.00
  suffix-10 +0.12 +0.27 +0.56 +0.52 +0.42 +0.77 +1.43 +1.39 +1.22 +1.26 +1.19 +1.16 +1.08 +0.84 +0.73 +0.21 +0.24 +0.13 +0.17 +0.01 +0.04 +0.09 +0.00 +0.02 +0.15 +0.01 +0.03 -0.00 +0.01 -0.00 -0.00 +0.00
  suffix-9  -0.13 -0.20 +0.10 +0.33 +0.66 +0.54 -0.30 +0.23 +0.28 +0.64 +0.70 +0.60 +0.30 +0.54 +0.23 +0.15 +0.18 +0.17 +0.11 +0.16 +0.14 +0.25 +0.18 +0.14 +0.06 +0.19 +0.17 +0.15 +0.13 +0.23 +0.00 +0.00
  suffix-8  +0.05 +0.03 -0.02 +0.01 +0.04 +0.07 +0.21 +0.45 +0.70 +0.75 +0.71 +0.73 +0.63 +0.42 +0.24 +0.12 +0.05 -0.03 -0.05 -0.04 -0.03 +0.01 -0.01 -0.01 -0.02 -0.01 -0.01 -0.04 -0.00 -0.01 -0.01 +0.00
  suffix-7  -0.00 +0.02 +0.02 -0.02 -0.05 -0.06 -0.02 -0.07 -0.07 +0.01 +0.00 +0.08 +0.17 +0.17 +0.20 +0.11 +0.05 +0.03 +0.01 +0.03 +0.05 +0.04 +0.02 -0.00 +0.00 +0.00 +0.01 +0.02 +0.01 -0.00 -0.00 +0.00
  suffix-6  -0.01 +0.03 +0.01 +0.05 +0.09 +0.05 +0.16 +0.22 +0.27 +0.28 +0.21 +0.15 +0.23 +0.21 +0.17 +0.05 +0.01 +0.02 +0.04 +0.03 +0.03 +0.06 +0.03 +0.04 +0.03 +0.05 +0.11 +0.08 +0.10 +0.08 +0.01 +0.00
  suffix-5  +0.01 +0.03 +0.05 +0.02 -0.00 -0.03 +0.04 -0.03 +0.00 -0.05 +0.05 +0.10 +0.15 +0.20 +0.19 +0.10 +0.07 +0.06 -0.01 +0.02 +0.01 +0.00 +0.01 +0.02 +0.00 -0.00 +0.01 -0.01 +0.02 +0.00 -0.04 +0.00
  suffix-4  +0.05 +0.02 +0.03 +0.02 +0.03 +0.02 +0.01 +0.01 +0.05 -0.00 +0.04 +0.05 +0.08 +0.15 +0.16 +0.11 +0.00 -0.01 +0.00 +0.02 -0.01 +0.01 +0.01 +0.01 +0.03 +0.01 +0.01 +0.01 -0.00 -0.01 -0.01 +0.00
  suffix-3  +0.00 +0.01 +0.04 +0.04 -0.03 +0.02 +0.06 +0.06 +0.02 -0.02 +0.01 -0.05 +0.11 +0.26 +0.36 +0.41 +0.23 +0.10 +0.01 +0.01 +0.03 +0.03 +0.02 +0.01 +0.02 +0.04 +0.05 +0.05 +0.08 +0.06 +0.05 +0.00
  suffix-2  +0.01 +0.06 +0.03 +0.04 +0.01 -0.01 +0.03 +0.01 -0.02 +0.02 +0.05 +0.05 +0.01 +0.04 +0.08 +0.12 +0.07 +0.05 +0.04 +0.03 +0.03 +0.06 +0.01 +0.03 +0.01 +0.02 +0.03 +0.01 +0.00 -0.03 +0.01 +0.00
  suffix-1  +0.03 +0.06 +0.01 +0.03 +0.05 +0.04 +0.04 +0.03 +0.03 -0.00 -0.00 -0.04 -0.02 +0.20 +0.25 +0.48 +0.53 +0.53 +0.54 +0.46 +0.40 +0.19 +0.25 +0.13 +0.13 +0.22 +0.21 +0.22 +0.20 +0.25 +0.26 +0.00
  last      +0.04 +0.04 +0.03 +0.06 +0.07 +0.03 +0.03 +0.01 -0.02 -0.03 -0.05 -0.09 -0.01 +0.15 +0.25 +0.43 +0.63 +0.69 +0.84 +0.81 +0.86 +0.96 +1.01 +1.03 +1.03 +1.00 +1.00 +1.00 +0.96 +0.89 +0.79 +1.00
  prefix    -0.02 +0.01 -0.01 -0.01 +0.00 +0.01 -0.02 +0.00 +0.01 -0.01 -0.00 -0.00 -0.01 -0.01 +0.02 -0.01 +0.02 +0.00 +0.01 +0.00 +0.00 +0.00 +0.00 -0.02 -0.01 -0.02 -0.01 -0.00 -0.01 -0.01 -0.00 +0.00
  first layer with >=0.5 recovery: entity span 0, last token 16; entity peak 1.02 at L3

