Position x layer map -- factorial_v3_know_given_hi; 60 pairs; layers 0-31

[control_to_uncertain] mean log-odds recovery by group (rows) x layer (cols):
  entity    +0.51 +0.72 +0.73 +0.74 +0.60 +0.62 +0.50 +0.42 +0.29 +0.22 +0.20 +0.13 +0.03 +0.07 +0.08 +0.04 +0.01 +0.00 -0.04 +0.02 +0.01 +0.01 -0.03 -0.03 -0.01 -0.00 -0.01 +0.01 +0.02 -0.00 -0.00 +0.00
  suffix-11 +0.02 +0.59 +0.13 +0.64 +0.54 +0.54 +0.60 +0.49 +0.27 +0.12 +0.21 +0.12 +0.16 +0.10 +0.15 +0.10 +0.16 +0.13 +0.12 +0.12 +0.13 -0.04 +0.13 -0.04 +0.13 -0.00 +0.00 -0.00 -0.01 -0.00 -0.00 +0.00
  suffix-10 +0.07 +0.07 +0.48 +0.74 +0.80 +0.83 +1.02 +1.15 +1.66 +1.71 +1.49 +1.16 +1.51 +1.02 +0.68 +0.57 +0.47 +0.44 +0.20 +0.16 +0.26 -0.07 +0.13 +0.13 +0.11 +0.13 -0.02 +0.12 -0.02 -0.00 -0.00 +0.00
  suffix-9  +0.06 +0.30 +0.04 +0.21 +0.67 +0.81 +0.75 +0.79 +0.89 +1.03 +0.90 +0.96 +0.79 +0.66 +0.32 +0.07 -0.03 +0.08 +0.10 +0.07 +0.09 +0.09 +0.06 +0.06 -0.18 -0.21 -0.16 -0.16 -0.15 +0.13 -0.01 +0.00
  suffix-8  +0.00 -0.00 -0.01 +0.04 -0.01 +0.00 -0.01 +0.04 +0.20 +0.19 +0.19 +0.20 +0.13 +0.06 +0.02 -0.04 -0.04 -0.03 -0.02 -0.01 -0.02 -0.02 +0.02 -0.03 -0.02 -0.02 -0.01 -0.03 +0.00 -0.00 +0.00 +0.00
  suffix-7  +0.01 +0.01 +0.00 +0.01 +0.01 +0.03 +0.02 +0.05 +0.03 +0.04 +0.01 +0.02 +0.12 +0.09 +0.09 +0.02 +0.01 +0.01 +0.03 +0.01 +0.01 +0.03 -0.01 -0.00 +0.00 -0.01 +0.00 +0.00 +0.00 -0.00 +0.00 +0.00
  suffix-6  +0.02 -0.00 +0.00 -0.01 -0.04 +0.02 +0.02 +0.05 +0.06 +0.12 +0.13 +0.16 +0.12 +0.08 +0.06 -0.00 -0.02 -0.02 -0.04 -0.00 -0.00 -0.00 +0.00 -0.03 -0.02 -0.03 -0.03 -0.03 -0.05 -0.04 -0.00 +0.00
  suffix-5  +0.02 -0.00 +0.03 +0.03 -0.02 +0.01 -0.01 -0.01 -0.00 -0.01 +0.03 +0.03 +0.04 +0.03 +0.04 +0.00 -0.01 +0.01 +0.01 +0.01 +0.01 -0.02 +0.00 -0.02 -0.01 -0.00 -0.02 -0.01 -0.00 -0.01 -0.02 +0.00
  suffix-4  +0.01 +0.04 +0.00 -0.01 -0.01 +0.00 +0.02 +0.03 -0.00 +0.02 +0.01 -0.01 +0.02 +0.02 +0.01 +0.03 +0.03 +0.01 +0.02 +0.03 -0.01 +0.03 +0.02 +0.03 +0.03 +0.02 +0.03 -0.01 +0.01 -0.00 +0.01 +0.00
  suffix-3  +0.00 +0.03 +0.04 +0.04 +0.01 +0.03 +0.02 +0.00 +0.03 +0.02 +0.03 +0.05 +0.08 +0.12 +0.12 +0.20 +0.16 +0.10 +0.08 +0.07 +0.07 +0.06 +0.05 +0.05 +0.05 +0.06 +0.03 +0.04 +0.03 +0.01 +0.02 +0.00
  suffix-2  +0.01 +0.01 +0.04 +0.02 +0.04 +0.03 +0.06 +0.03 +0.00 +0.01 +0.01 +0.03 +0.02 +0.04 +0.04 +0.04 +0.05 +0.04 +0.04 +0.04 +0.04 +0.03 +0.02 +0.01 +0.01 +0.01 +0.01 -0.01 -0.00 -0.01 -0.01 +0.00
  suffix-1  +0.00 +0.00 +0.04 +0.05 +0.09 +0.07 +0.09 +0.09 +0.09 +0.10 +0.08 +0.12 +0.13 +0.18 +0.26 +0.37 +0.38 +0.44 +0.45 +0.41 +0.42 +0.37 +0.37 +0.32 +0.32 +0.32 +0.30 +0.30 +0.29 +0.15 +0.10 +0.00
  last      +0.02 -0.00 -0.01 -0.01 -0.02 -0.01 -0.00 -0.00 +0.01 +0.06 +0.05 +0.03 +0.04 +0.15 +0.21 +0.30 +0.31 +0.30 +0.28 +0.28 +0.29 +0.37 +0.42 +0.55 +0.55 +0.60 +0.61 +0.60 +0.58 +0.80 +0.84 +1.00
  prefix    +0.00 +0.00 +0.00 +0.00 +0.00 +0.00 +0.00 +0.00 +0.00 +0.00 +0.00 +0.00 +0.00 +0.00 +0.00 +0.00 +0.00 +0.00 +0.00 +0.00 +0.00 +0.00 +0.00 +0.00 +0.00 +0.00 +0.00 +0.00 +0.00 +0.00 +0.00 +0.00
  first layer with >=0.5 recovery: entity span 0, last token 23; entity peak 0.74 at L3

[uncertain_to_control] mean log-odds recovery by group (rows) x layer (cols):
  entity    +1.09 +1.04 +1.01 +0.90 +0.97 +0.96 +0.98 +0.85 +0.51 +0.46 +0.35 +0.25 +0.15 +0.00 -0.05 -0.07 -0.10 -0.02 +0.05 +0.04 +0.06 +0.06 -0.00 -0.00 +0.01 +0.01 +0.02 +0.01 +0.04 +0.03 +0.03 +0.00
  suffix-11 +0.19 -0.10 -0.15 -0.08 -0.16 +0.04 +0.35 -0.21 -0.20 +0.00 +0.01 -0.18 -0.24 -0.29 -0.24 -0.29 -0.25 -0.08 -0.22 -0.25 +0.00 -0.01 -0.01 +0.00 -0.00 -0.00 -0.00 -0.00 +0.13 +0.00 +0.00 +0.00
  suffix-10 -0.39 +0.16 +0.24 +0.26 +0.26 +0.34 +0.50 +0.66 +0.81 +0.78 +0.81 +0.65 +0.38 +0.02 -0.02 -0.21 -0.10 +0.01 -0.00 +0.00 -0.02 +0.10 -0.14 -0.02 +0.24 +0.03 -0.01 +0.00 +0.00 +0.02 -0.01 +0.00
  suffix-9  +0.21 +0.01 +0.39 +0.48 +0.05 +0.11 -0.03 +0.42 +0.12 +0.78 +0.75 +0.88 +0.63 +0.52 +0.21 +0.26 -0.11 -0.06 -0.01 -0.02 -0.04 -0.13 -0.02 -0.01 -0.15 -0.10 -0.12 -0.05 -0.02 +0.01 +0.02 +0.00
  suffix-8  +0.04 -0.01 -0.03 +0.02 +0.11 +0.16 +0.26 +0.33 +0.40 +0.41 +0.41 +0.41 +0.19 +0.13 +0.08 +0.01 -0.02 -0.03 -0.02 -0.03 -0.01 -0.03 -0.02 -0.01 -0.03 -0.03 -0.02 +0.01 +0.02 +0.02 +0.03 +0.00
  suffix-7  +0.03 +0.04 +0.03 +0.04 +0.01 -0.02 -0.00 -0.01 +0.01 -0.02 +0.04 +0.04 +0.15 +0.10 +0.09 +0.02 +0.01 +0.01 +0.02 +0.01 +0.02 +0.05 +0.03 +0.02 +0.00 +0.03 +0.04 +0.03 +0.03 +0.03 +0.03 +0.00
  suffix-6  +0.04 +0.05 +0.02 +0.02 +0.10 +0.14 +0.19 +0.20 +0.27 +0.35 +0.33 +0.26 +0.22 +0.13 +0.12 +0.08 +0.03 +0.00 +0.01 -0.02 -0.02 -0.02 -0.03 -0.02 -0.04 -0.04 -0.02 -0.03 -0.04 -0.03 +0.02 +0.00
  suffix-5  +0.05 +0.02 +0.03 -0.02 -0.05 -0.03 -0.04 -0.01 -0.01 -0.01 -0.01 -0.01 -0.01 +0.04 +0.05 +0.03 +0.03 +0.06 +0.03 +0.07 +0.02 +0.01 +0.04 +0.01 +0.05 +0.02 +0.01 +0.01 +0.03 +0.04 -0.01 +0.00
  suffix-4  +0.02 +0.05 +0.06 +0.04 +0.04 +0.05 +0.04 +0.01 +0.01 +0.03 -0.03 -0.01 -0.03 +0.04 +0.04 +0.08 +0.06 +0.04 +0.05 +0.05 +0.05 +0.04 +0.02 +0.02 +0.04 +0.02 +0.02 +0.02 -0.00 +0.02 +0.02 +0.00
  suffix-3  +0.04 +0.05 +0.04 +0.05 +0.02 +0.06 +0.03 +0.02 +0.04 +0.02 -0.03 -0.02 +0.06 +0.11 +0.16 +0.25 +0.20 +0.13 +0.10 +0.10 +0.09 +0.10 +0.09 +0.05 +0.06 +0.06 +0.05 +0.02 +0.00 +0.07 +0.02 +0.00
  suffix-2  +0.02 +0.04 -0.00 -0.00 +0.03 +0.05 +0.01 +0.02 +0.03 -0.00 +0.02 +0.00 +0.01 +0.02 +0.01 +0.05 +0.07 +0.07 +0.07 +0.07 +0.07 +0.08 +0.02 +0.04 +0.04 +0.03 +0.03 +0.03 +0.07 +0.05 +0.05 +0.00
  suffix-1  +0.00 +0.03 +0.04 +0.06 +0.05 +0.02 +0.02 +0.05 +0.05 +0.05 +0.00 +0.02 +0.07 +0.17 +0.27 +0.51 +0.59 +0.63 +0.64 +0.64 +0.62 +0.60 +0.60 +0.48 +0.49 +0.45 +0.42 +0.43 +0.42 +0.16 +0.16 +0.00
  last      +0.01 +0.01 +0.04 +0.01 -0.00 +0.01 -0.01 +0.01 +0.01 -0.02 -0.03 +0.00 +0.06 +0.14 +0.22 +0.42 +0.49 +0.52 +0.52 +0.53 +0.59 +0.69 +0.71 +0.77 +0.75 +0.75 +0.74 +0.76 +0.73 +0.90 +0.89 +1.00
  prefix    +0.00 +0.00 +0.00 +0.00 +0.00 +0.00 +0.00 +0.00 +0.00 +0.00 +0.00 +0.00 +0.00 +0.00 +0.00 +0.00 +0.00 +0.00 +0.00 +0.00 +0.00 +0.00 +0.00 +0.00 +0.00 +0.00 +0.00 +0.00 +0.00 +0.00 +0.00 +0.00
  first layer with >=0.5 recovery: entity span 0, last token 17; entity peak 1.09 at L0

