Frequency-neuron causal test
unigram: /marimo/repo/results/unigram_logfreq_43be1456fdd4.npy

Weight-space freq_corr vs causal slope [raw d_elogu] across 55 candidates: Pearson r=0.308 (p=0.022), Spearman rho=0.206 (p=0.13); sign agreement among FREQ-NEURON-LIKE 0.67
Weight-space freq_corr vs causal slope [d_elogu BEYOND temperature-matched baseline] across 55 candidates: Pearson r=0.306 (p=0.023), Spearman rho=0.213 (p=0.12); sign agreement among FREQ-NEURON-LIKE 0.67
|causal elogu slope| per sigma: FREQ-NEURON-LIKE (n=9) 0.0016 | other candidates (n=37) 0.0008 | random controls (n=10) 0.0007
sign agreement (weight score vs causal slope) among FREQ-NEURON-LIKE: 0.67

 neuron_id  is_candidate  freq_corr  abs_freq_corr_pctile  d_elogu_beyond_temp_slope_per_sigma  d_elogu_beyond_temp_slope_p  d_elogu_slope_per_sigma  d_elogu_slope_p  d_kl_slope_per_sigma  d_kl_slope_p  d_entropy_slope_per_sigma  d_elogu_mean_ablation  d_elogu_mean_ablation_p
 L30_N1457          True     0.4548                   100                             0.006978                       0.0002                 0.007072           0.0002             -0.001814        0.3319                  -0.005258              -0.005358                  0.07738
 L31_N6772          True   -0.01393                  16.2                             0.003775                    0.0007998                 0.003953        0.0007998             -0.001563        0.2997                   -0.00239               0.003091                   0.1182
L30_N10312          True   -0.09759                  76.5                             0.002152                        0.002                 0.002639           0.0012             -0.003699      0.002799                    0.00106             -0.0001573                   0.9128
L29_N11909          True    -0.5412                   100                             0.002085                      0.04319                 0.001941           0.1172             -0.001315        0.4459                 -0.0006259              0.0002129                   0.9292
L29_N11308          True    0.08235                  69.9                             0.001891                     0.002999                 0.002527           0.0014             -0.004302     0.0003999                   0.001775               0.001163                   0.6167
 L30_N1777          True    -0.4896                   100                            -0.001879                     0.006599                -0.002048            0.018              0.003473        0.0224                  -0.001424              0.0007895                   0.7435
  L20_N488         False        NaN                   NaN                            -0.001794                       0.0002                -0.002181           0.0002              0.002533      0.005599                 -0.0003523               0.001158                   0.6399
 L29_N5866          True     0.2294                  98.9                              0.00127                     0.004199                 0.001705           0.0016             -0.003415        0.0002                    0.00171              0.0005989                   0.7175
 L29_N9228          True      0.192                  96.9                             -0.00127                      0.03379                -0.001776           0.0102              0.001414        0.1946                  0.0003619              3.814e-05                   0.9842
L29_N12400          True    -0.1679                  94.9                             -0.00125                       0.1478                -0.001687          0.08598              0.006974        0.0002                  -0.005287             -0.0007826                   0.8106
  L31_N434         False        NaN                   NaN                              0.00122                       0.0188                 0.001924         0.004799             -0.005329        0.0002                   0.003405              0.0008481                   0.4095
 L29_N8568          True     0.1314                  88.1                             0.001219                      0.03219                 0.001527          0.03099             -0.001715       0.09258                  0.0001878              0.0007969                   0.5887
L28_N11622          True    0.06427                  61.2                             0.001079                      0.03599                 0.001354          0.02819             -0.001231         0.158                 -0.0001229              0.0002768                   0.9004
 L20_N4060          True    -0.1686                    95                            -0.001025                      0.02959                -0.001134          0.04699              0.002132       0.03799                 -0.0009982              -0.005157                  0.07818
 L29_N4718          True    -0.1289                  87.5                            -0.001022                      0.07259                -0.001238          0.05199              0.001512        0.1042                 -0.0002739             -9.286e-05                   0.9342
 L28_N5085          True    -0.1831                  96.3                                0.001                      0.05539                0.0008435           0.2182            -0.0003241        0.7502                 -0.0005194                -0.0018                   0.3915
 L20_N1001          True   -0.02118                  23.2                            0.0008861                        0.244                0.0009172           0.3069            -1.147e-05        0.9936                 -0.0009057              -0.001648                   0.4775
 L31_N3330          True    -0.4658                   100                           -0.0008828                     0.007399                -0.001155        0.0009998              0.001854      0.003199                 -0.0006989              0.0009197                   0.2521
  L29_N578          True    0.07939                  68.4                            0.0008565                      0.03079                0.0009461           0.1376             -0.002426       0.02939                    0.00148              0.0006562                   0.6491
 L26_N8053          True   -0.02464                  25.9                            -0.000805                       0.1804                -0.001074          0.08378              0.001725       0.04559                 -0.0006515              0.0003681                   0.8352
   L27_N45          True    -0.1427                  91.9                            0.0007301                      0.05859                 0.001091          0.04279             -0.002786      0.003999                   0.001695              -0.002773                   0.1932
 L22_N2446          True    -0.1596                  94.2                            0.0006894                        0.197                 0.001122           0.1028             -0.002593        0.0106                   0.001472             -3.464e-05                   0.9828
 L20_N5595          True      0.159                  94.2                            0.0006494                       0.3519                0.0008368           0.2777             -0.000908        0.4273                  7.119e-05              -0.002422                   0.2779
 L24_N2286         False        NaN                   NaN                            0.0005315                       0.4397                0.0004434           0.5871            -0.0009142        0.3919                  0.0004707              -0.001923                   0.4925
 L29_N3447          True    0.05839                  56.1                           -0.0005283                       0.1924               -0.0008412           0.1018              0.001351        0.1162                 -0.0005097              0.0001573                   0.9032
 L29_N2646          True    0.08801                  72.3                            0.0005036                       0.4331                0.0006778           0.3315            -7.747e-05        0.9328                 -0.0006004              0.0009089                   0.5443
L29_N10092          True    -0.4098                  99.9                           -0.0005025                       0.2879               -0.0008124           0.1948              0.001133        0.2791                  -0.000321              0.0001369                   0.9158
L29_N11791          True     -0.206                  97.9                            0.0004845                       0.2521                0.0009085          0.05899              -0.00296     0.0009998                   0.002051                0.00156                   0.3487
L28_N14222          True    0.02774                  29.5                            0.0004775                       0.2366                0.0007621           0.1402             -0.002099        0.0162                   0.001337               0.002419                   0.1992
  L22_N409         False        NaN                   NaN                           -0.0004749                       0.4381               -0.0009205           0.2358              0.001652        0.1516                 -0.0007316              -0.002905                   0.1626
L26_N11322          True     0.1778                  95.4                            0.0004416                       0.3231                0.0003194           0.5957            -7.414e-05         0.935                 -0.0002452              0.0001213                   0.9562
 L24_N7891          True     0.1308                    88                           -0.0004326                       0.5203               -0.0002853           0.7283             0.0004775        0.6973                 -0.0001922              -0.001319                   0.4799
 L30_N5509          True     0.1505                  93.1                            0.0004288                       0.2434                0.0009056          0.06719             -0.002614        0.0012                   0.001708                0.00207                   0.1794
 L24_N8279         False        NaN                   NaN                           -0.0004255                        0.217               -0.0004752           0.3185            -9.673e-05        0.9126                  0.0005719              -0.002383                   0.2611
L29_N10191          True     0.1552                  93.7                           -0.0004027                       0.4131               -0.0006914           0.2821             0.0008173        0.4499                 -0.0001259              -0.003638                  0.08958
 L29_N6625          True      0.193                  96.9                            0.0003955                       0.2741                0.0004738           0.2362             -0.001395       0.06479                  0.0009216               0.001262                   0.4545
 L31_N7853          True   -0.01441                  16.6                           -0.0003909                      0.09458               -0.0002952           0.2494             0.0003018        0.5145                 -6.656e-06              0.0006488                   0.4635
 L26_N4012         False        NaN                   NaN                           -0.0003555                       0.3941               -0.0001924           0.7227            -0.0004133        0.6603                  0.0006057              -0.001622                   0.2955
L31_N14143          True    -0.2535                  99.2                           -0.0003387                       0.2068               -0.0005086          0.07758             0.0003024        0.5625                  0.0002062              0.0004993                   0.6281
 L26_N2788          True    -0.1063                  80.2                            0.0003181                       0.3927                0.0003034           0.5665             0.0001542        0.8732                 -0.0004577             -0.0007296                   0.7221
 L31_N4425          True  -0.006453                   8.2                            0.0003178                       0.3255                 0.000291           0.3985            -0.0006913        0.2749                  0.0004003              0.0001542                   0.8534
L31_N11541          True     0.2199                  98.6                            0.0003087                       0.8668                0.0001589            0.938              0.001082        0.7441                  -0.001241               0.001232                   0.6315
 L22_N3582         False        NaN                   NaN                            0.0003036                       0.3473                 0.000423           0.3257             0.0002742        0.7485                 -0.0006971              -0.003643                    0.161
L29_N13925          True   -0.09583                    76                           -0.0003011                       0.6917               -0.0004016           0.6257            -0.0002732        0.7836                  0.0006749             -0.0002817                   0.8908
 L31_N6912         False        NaN                   NaN                            -0.000297                       0.3387               -0.0001501           0.6625             0.0001256        0.8372                   2.45e-05              -0.001479                  0.05799
L23_N12156          True   -0.02103                  23.1                           -0.0002953                       0.4905               -0.0004828           0.4243             0.0009846        0.3179                 -0.0005018              -0.004062                   0.1258
 L20_N4769          True     0.1246                  86.5                            0.0002793                       0.7017                0.0002994           0.7111            -0.0001486         0.872                 -0.0001508               0.000851                   0.7223
  L31_N377          True    0.03517                  35.9                           -0.0002697                       0.2422               -0.0003343           0.2032             0.0007236         0.103                 -0.0003893              0.0006048                   0.5505
 L30_N7102          True    -0.2972                  99.5                            0.0002312                       0.4807                0.0003953           0.3367              8.61e-05         0.904                 -0.0004814                0.00232                  0.09878
  L31_N368          True   0.006299                   8.1                            0.0002133                       0.4961                0.0003603           0.2627            -0.0004992        0.3781                  0.0001389             -0.0009254                   0.2368
L30_N13647          True     0.1983                  97.4                           -0.0001784                       0.5123               -0.0002014           0.5231             0.0004065        0.4651                 -0.0002051              4.578e-05                    0.973
 L31_N5966          True    -0.4047                  99.9                            0.0001533                       0.4917                0.0001526           0.5737            -0.0005227         0.166                  0.0003701              0.0009879                   0.2316
 L20_N2742          True      0.117                  83.7                           -0.0001194                       0.8584               -0.0002223           0.7596             0.0006867        0.4807                 -0.0004645              -0.004351                  0.08038
L20_N12894          True   0.006331                   8.2                            0.0001185                       0.7766               -3.608e-05           0.9456             0.0009961        0.3021                   -0.00096              0.0006586                    0.768
L22_N11087         False        NaN                   NaN                            0.0001123                       0.7083               -1.521e-06            0.997             0.0003228        0.6699                 -0.0003214               0.001183                   0.5397
L30_N13513          True   -0.02052                  22.4                           -0.0001094                       0.6447               -7.181e-05            0.795             0.0002289        0.6321                  -0.000157               0.001197                   0.4147
 L30_N1424         False        NaN                   NaN                           -9.385e-05                       0.7884               -6.584e-05           0.8652             8.097e-05         0.893                 -1.517e-05               0.001535                   0.1764
L30_N13098          True    -0.1433                  91.9                           -8.966e-05                        0.771               -0.0001116            0.759             0.0004328        0.5879                 -0.0003211               0.001562                   0.2665
L29_N10877          True    0.07306                  65.5                            6.509e-05                       0.9272               -0.0003053           0.7243              0.002831        0.0172                  -0.002525               0.001632                   0.3271
L23_N12855          True     0.0126                  14.9                           -4.233e-05                       0.9142               -0.0001401           0.7822             0.0001229        0.8886                  1.721e-05              -0.002122                   0.3337
 L30_N6621          True   -0.06205                  58.9                            2.608e-05                       0.9528                0.0002321           0.6935            -0.0003167        0.7259                  8.451e-05               0.002264                  0.04159
 L20_N1399          True    0.04082                  41.3                            2.286e-05                       0.9652                -3.38e-05           0.9688              0.000765        0.4533                 -0.0007312              -0.001149                   0.6415
 L31_N2477          True     0.4238                  99.9                            1.968e-05                       0.9788                3.121e-05           0.9646             -0.001684        0.1514                   0.001653               -0.00206                   0.1692
 L30_N3533          True    0.05596                  54.3                           -1.899e-05                       0.9544               -1.437e-05           0.9776            -0.0007155        0.3765                  0.0007299               0.000431                   0.6979
L30_N11103          True   -0.02037                  22.2                           -1.402e-05                        0.962                1.263e-05           0.9722            -0.0004458        0.4861                  0.0004332              0.0004113                   0.7598
